1698187608.451585
1698187608.452963
1698187608.453446
1698187608.453801
1698187608.454125
1698187608.454600
1698187608.454917
1698187608.455220
1698187608.455545
1698187608.455841
1698187608.456159
1698187608.456825
1698187608.457193
1698187608.457523
1698187608.457828
1698187608.458126
1698187608.458778
1698187608.459185
1698187608.459514
1698187608.460249
1698187608.460740
1698187608.461080
1698187608.461389
1698187608.461688
1698187608.461987
1698187608.462295
1698187608.462594
1698187608.462886
1698187608.463181
1698187608.463483
1698187608.463789
1698187608.464288
1698187608.464625
1698187608.464944
1698187608.465241
1698187608.465549
1698187608.465844
1698187608.466140
1698187608.466429
1698187608.466723
1698187608.467027
1698187608.467323
1698187608.467627
1698187608.467921
1698187608.468218
1698187608.468531
1698187608.468824
1698187608.469116
1698187608.469422
1698187608.469718
1698187608.470092
1698187608.470389
1698187608.470684
1698187608.470980
1698187608.471288
1698187608.471581
1698187608.471875
1698187608.472167
1698187608.472476
1698187608.472780
1698187608.473075
1698187608.473379
1698187608.473677
1698187608.473975
1698187608.474267
1698187608.474558
1698187608.474851
1698187608.475157
1698187608.475450
1698187608.475743
1698187608.476082
1698187608.476392
1698187608.476685
1698187608.476979
1698187608.477284
1698187608.477578
1698187608.477873
1698187608.478182
1698187608.478482
1698187608.478781
1698187608.479071
1698187608.479375
1698187608.479700
1698187608.480010
1698187608.480496
1698187608.480814
1698187608.481106
1698187608.481413
1698187608.481707
1698187608.482003
1698187608.482309
1698187608.482610
1698187608.483150
1698187608.483502
1698187608.483835
1698187608.484366
1698187608.484855
1698187608.485189
1698187608.485492
1698187608.486182
1698187608.486626
1698187608.486943
1698187608.487247
1698187608.487551
1698187608.487854
1698187608.488157
1698187608.488487
1698187608.488796
1698187608.489092
1698187608.489401
1698187608.489695
1698187608.489994
1698187608.490293
1698187608.490586
1698187608.490879
1698187608.491184
1698187608.491485
1698187608.491792
1698187608.492142
1698187608.492464
1698187608.492778
1698187608.493073
1698187608.493376
1698187608.493679
1698187608.493982
1698187608.494527
1698187608.494916
1698187608.495256
1698187608.495568
1698187608.495867
1698187608.496235
1698187608.496579
1698187608.496902
1698187608.497221
1698187608.497516
1698187608.497808
1698187608.498109
1698187608.498408
1698187608.498702
1698187608.499001
1698187608.499309
1698187608.499609
1698187608.499911
1698187608.500380
1698187608.500787
1698187608.501106
1698187608.501429
1698187608.501734
1698187608.502192
1698187608.502497
1698187608.502802
1698187608.503103
1698187608.503418
1698187608.503722
1698187608.504095
1698187608.504446
1698187608.504770
1698187608.505089
1698187608.505534
1698187608.505842
1698187608.506154
1698187608.506465
1698187608.506778
1698187608.507100
1698187608.507425
1698187608.507731
1698187608.508148
1698187608.508489
1698187608.508797
1698187608.509103
1698187608.509399
1698187608.509699
1698187608.510000
1698187608.510300
1698187608.510599
1698187608.510915
1698187608.511215
1698187608.511524
1698187608.511823
1698187608.512140
1698187608.512456
1698187608.512755
1698187608.513062
1698187608.513363
1698187608.513659
1698187608.513953
1698187608.514251
1698187608.514560
1698187608.514860
1698187608.515159
1698187608.515459
1698187608.515755
1698187608.516060
1698187608.516380
1698187608.516689
1698187608.516987
1698187608.517284
1698187608.517583
1698187608.517878
1698187608.518173
1698187608.518470
1698187608.518783
1698187608.519079
1698187608.519810
1698187608.520137
1698187608.520455
1698187608.520754
1698187608.521060
1698187608.521361
1698187608.521674
1698187608.521973
1698187608.522271
1698187608.522570
1698187608.522868
1698187608.523176
1698187608.523475
1698187608.523786
1698187608.524087
1698187608.524405
1698187608.524702
1698187608.525000
1698187608.525298
1698187608.525597
1698187608.525908
1698187608.526205
1698187608.526503
1698187608.526799
1698187608.527098
1698187608.527516
1698187608.527816
1698187608.528117
1698187608.528436
1698187608.528737
1698187608.529080
1698187608.529377
1698187608.529674
1698187608.529973
1698187608.530282
1698187608.530580
1698187608.530879
1698187608.531181
1698187608.531482
1698187608.531778
1698187608.532077
1698187608.532405
1698187608.532705
1698187608.533014
1698187608.533310
1698187608.533611
1698187608.533908
1698187608.534203
1698187608.534500
1698187608.534810
1698187608.535109
1698187608.535420
1698187608.535718
1698187608.536017
1698187608.536384
1698187608.536687
1698187608.536988
1698187608.537297
1698187608.537597
1698187608.537906
1698187608.538204
1698187608.538503
1698187608.538805
1698187608.539105
1698187608.539402
1698187608.539696
1698187608.539993
1698187608.540346
1698187608.540674
1698187608.540972
1698187608.541271
1698187608.541570
1698187608.541867
1698187608.542175
1698187608.542474
1698187608.542784
1698187608.543080
1698187608.543392
1698187608.543690
1698187608.543988
1698187608.544331
1698187608.544645
1698187608.544943
1698187608.545239
1698187608.545550
1698187608.545850
1698187608.546159
1698187608.546457
1698187608.546755
1698187608.547056
1698187608.547357
1698187608.547653
1698187608.547949
1698187608.548248
1698187608.548577
1698187608.548887
1698187608.549184
1698187608.549484
1698187608.549781
1698187608.550077
1698187608.550374
1698187608.550684
1698187608.550983
1698187608.551288
1698187608.551587
1698187608.551885
1698187608.552335
1698187608.552805
1698187608.553131
1698187608.553436
1698187608.554107
1698187608.554412
1698187608.554713
1698187608.555010
1698187608.555311
1698187608.555607
1698187608.555917
1698187608.556216
1698187608.556530
1698187608.556828
1698187608.557125
1698187608.557424
1698187608.557722
1698187608.558031
1698187608.558331
1698187608.558630
1698187608.558933
1698187608.559235
1698187608.559534
1698187608.559832
1698187608.560133
1698187608.560449
1698187608.560749
1698187608.561093
1698187608.561402
1698187608.561703
1698187608.562013
1698187608.562308
1698187608.562611
1698187608.562907
1698187608.563202
1698187608.563500
1698187608.563809
1698187608.564112
1698187608.564433
1698187608.564738
1698187608.565034
1698187608.565329
1698187608.565627
1698187608.565935
1698187608.566237
1698187608.566535
1698187608.566840
1698187608.567151
1698187608.567449
1698187608.567745
1698187608.568098
1698187608.568425
1698187608.568724
1698187608.569036
1698187608.569334
1698187608.569632
1698187608.569933
1698187608.570234
1698187608.570530
1698187608.570825
1698187608.571123
1698187608.571434
1698187608.571731
1698187608.572030
1698187608.572384
1698187608.572683
1698187608.572985
1698187608.573283
1698187608.573577
1698187608.573875
1698187608.574186
1698187608.574486
1698187608.574784
1698187608.575103
1698187608.575403
1698187608.575701
1698187608.575998
1698187608.576333
1698187608.576658
1698187608.576958
1698187608.577259
1698187608.577570
1698187608.577881
1698187608.578183
1698187608.578485
1698187608.578782
1698187608.579076
1698187608.579375
1698187608.579684
1698187608.579983
1698187608.580319
1698187608.580635
1698187608.580933
1698187608.581230
1698187608.581528
1698187608.581823
1698187608.582121
1698187608.582433
1698187608.582737
1698187608.583038
1698187608.583336
1698187608.583854
1698187608.584171
1698187608.584485
1698187608.584794
1698187608.585091
1698187608.585387
1698187608.586071
1698187608.586398
1698187608.586700
1698187608.586999
1698187608.587297
1698187608.587596
1698187608.587907
1698187608.588207
1698187608.588522
1698187608.588821
1698187608.589117
1698187608.589425
1698187608.589724
1698187608.590033
1698187608.590331
1698187608.590630
1698187608.590944
1698187608.591247
1698187608.591544
1698187608.591838
1698187608.592150
1698187608.592469
1698187608.592780
1698187608.593082
1698187608.593380
1698187608.593690
1698187608.593990
1698187608.594289
1698187608.594587
1698187608.594884
1698187608.595186
1698187608.595490
1698187608.595799
1698187608.596103
1698187608.596421
1698187608.596718
1698187608.597015
1698187608.597309
1698187608.597610
1698187608.597919
1698187608.598319
1698187608.598618
1698187608.598929
1698187608.599230
1698187608.599570
1698187608.599870
1698187608.600193
1698187608.600533
1698187608.600833
1698187608.601143
1698187608.601442
1698187608.601742
1698187608.602043
1698187608.602338
1698187608.602646
1698187608.602946
1698187608.603256
1698187608.603559
1698187608.603862
1698187608.604162
1698187608.604479
1698187608.604786
1698187608.605084
1698187608.605393
1698187608.605693
1698187608.605991
1698187608.606288
1698187608.606584
1698187608.606881
1698187608.607182
1698187608.607486
1698187608.607795
1698187608.608093
1698187608.608464
1698187608.608800
1698187608.609099
1698187608.609410
1698187608.609711
1698187608.610021
1698187608.610319
1698187608.610618
1698187608.610919
1698187608.611215
1698187608.611523
1698187608.611823
1698187608.612136
1698187608.612456
1698187608.612754
1698187608.613056
1698187608.613357
1698187608.613654
1698187608.613950
1698187608.614247
1698187608.614559
1698187608.614860
1698187608.615173
1698187608.615472
1698187608.615781
1698187608.616083
1698187608.616395
1698187608.616692
1698187608.616987
1698187608.617294
1698187608.617593
1698187608.617901
1698187608.618199
1698187608.618497
1698187608.618792
1698187608.619353
1698187608.619677
1698187608.619978
1698187608.620327
1698187608.620643
1698187608.620939
1698187608.621238
1698187608.621548
1698187608.621847
1698187608.622145
1698187608.622445
1698187608.622742
1698187608.623074
1698187608.623374
1698187608.623682
1698187608.623982
1698187608.624331
1698187608.624657
1698187608.624954
1698187608.625254
1698187608.625559
1698187608.625862
1698187608.626158
1698187608.626454
1698187608.626751
1698187608.627060
1698187608.627360
1698187608.627660
1698187608.627958
1698187608.628256
1698187608.628575
1698187608.628873
1698187608.629169
1698187608.629464
1698187608.629795
1698187608.630095
1698187608.630392
1698187608.630687
1698187608.630985
1698187608.631315
1698187608.631614
1698187608.631925
1698187608.632225
1698187608.632540
1698187608.632838
1698187608.633134
1698187608.633435
1698187608.633731
1698187608.634041
1698187608.634342
1698187608.634639
1698187608.634934
1698187608.635233
1698187608.635541
1698187608.635840
1698187608.636157
1698187608.636470
1698187608.636777
1698187608.637077
1698187608.637386
1698187608.637684
1698187608.637982
1698187608.638279
1698187608.638574
1698187608.638871
1698187608.639180
1698187608.639479
1698187608.639791
1698187608.640092
1698187608.640410
1698187608.640708
1698187608.641007
1698187608.641320
1698187608.641616
1698187608.641925
1698187608.642225
1698187608.642535
1698187608.642832
1698187608.643130
1698187608.643432
1698187608.643733
1698187608.644029
1698187608.644381
1698187608.644683
1698187608.644986
1698187608.645297
1698187608.645595
1698187608.645894
1698187608.646192
1698187608.646489
1698187608.646826
1698187608.647123
1698187608.647423
1698187608.647721
1698187608.648030
1698187608.648392
1698187608.648692
1698187608.648991
1698187608.649287
1698187608.649583
1698187608.649881
1698187608.650191
1698187608.650489
1698187608.650788
1698187608.651086
1698187608.651382
1698187608.651684
1698187608.651987
1698187608.652602
1698187608.652939
1698187608.653240
1698187608.653536
1698187608.653831
1698187608.654507
1698187608.654812
1698187608.655127
1698187608.655427
1698187608.655725
1698187608.656024
1698187608.656384
1698187608.656685
1698187608.656982
1698187608.657314
1698187608.657613
1698187608.657924
1698187608.658226
1698187608.658604
1698187608.658919
1698187608.659216
1698187608.659524
1698187608.659823
1698187608.660140
1698187608.660458
1698187608.660758
1698187608.661058
1698187608.661361
1698187608.661657
1698187608.661952
1698187608.662251
1698187608.662559
1698187608.662863
1698187608.663176
1698187608.663476
1698187608.663786
1698187608.664088
1698187608.664400
1698187608.664698
1698187608.664995
1698187608.665305
1698187608.665604
1698187608.665914
1698187608.666213
1698187608.666512
1698187608.666808
1698187608.667106
1698187608.667404
1698187608.667698
1698187608.667996
1698187608.668347
1698187608.668770
1698187608.669070
1698187608.669379
1698187608.669683
1698187608.669986
1698187608.670282
1698187608.670578
1698187608.670876
1698187608.671173
1698187608.671472
1698187608.671782
1698187608.672083
1698187608.672398
1698187608.672697
1698187608.672995
1698187608.673307
1698187608.673605
1698187608.673912
1698187608.674212
1698187608.674521
1698187608.674820
1698187608.675119
1698187608.675419
1698187608.675714
1698187608.676023
1698187608.676396
1698187608.676695
1698187608.677005
1698187608.677307
1698187608.677610
1698187608.677909
1698187608.678204
1698187608.678501
1698187608.678809
1698187608.679110
1698187608.679421
1698187608.679719
1698187608.680019
1698187608.680358
1698187608.680655
1698187608.680950
1698187608.681247
1698187608.681560
1698187608.681856
1698187608.682156
1698187608.682454
1698187608.682750
1698187608.683048
1698187608.683347
1698187608.683656
1698187608.683954
1698187608.684255
1698187608.684571
1698187608.684867
1698187608.685175
1698187608.685472
1698187608.685922
1698187608.686245
1698187608.686562
1698187608.686862
1698187608.687168
1698187608.687470
1698187608.687772
1698187608.688077
1698187608.688393
1698187608.688687
1698187608.688983
1698187608.689290
1698187608.689582
1698187608.689878
1698187608.690181
1698187608.690480
1698187608.690774
1698187608.691069
1698187608.691361
1698187608.691667
1698187608.691961
1698187608.692382
1698187608.692692
1698187608.692987
1698187608.693294
1698187608.693588
1698187608.693882
1698187608.694178
1698187608.694475
1698187608.694768
1698187608.695061
1698187608.695353
1698187608.695657
1698187608.695952
1698187608.696261
1698187608.696576
1698187608.696876
1698187608.697173
1698187608.697468
1698187608.697776
1698187608.698074
1698187608.698383
1698187608.698684
1698187608.698982
1698187608.699279
1698187608.699573
1698187608.699871
1698187608.700188
1698187608.700516
1698187608.700814
1698187608.701114
1698187608.701411
1698187608.701706
1698187608.702006
1698187608.702316
1698187608.702614
1698187608.702924
1698187608.703226
1698187608.703525
1698187608.703824
1698187608.704126
1698187608.704441
1698187608.704739
1698187608.705078
1698187608.705374
1698187608.705672
1698187608.705971
1698187608.706283
1698187608.706581
1698187608.706880
1698187608.707181
1698187608.707481
1698187608.707777
1698187608.708077
1698187608.708406
1698187608.708706
1698187608.709016
1698187608.709314
1698187608.709613
1698187608.709909
1698187608.710204
1698187608.710503
1698187608.710841
1698187608.711142
1698187608.711439
1698187608.711738
1698187608.712085
1698187608.712412
1698187608.712712
1698187608.713011
1698187608.713308
1698187608.713606
1698187608.713903
1698187608.714198
1698187608.714495
1698187608.714808
1698187608.715111
1698187608.715409
1698187608.715709
1698187608.716006
1698187608.716337
1698187608.716659
1698187608.716959
1698187608.717268
1698187608.717565
1698187608.717863
1698187608.718159
1698187608.718453
1698187608.718749
1698187608.719181
1698187608.719505
1698187608.719812
1698187608.720121
1698187608.720451
1698187608.720762
1698187608.721092
1698187608.721404
1698187608.721702
1698187608.722003
1698187608.722303
1698187608.722603
1698187608.722900
1698187608.723195
1698187608.723493
1698187608.723802
1698187608.724106
1698187608.724425
1698187608.724724
1698187608.725022
1698187608.725320
1698187608.725617
1698187608.725925
1698187608.726227
1698187608.726538
1698187608.726847
1698187608.727148
1698187608.727448
1698187608.727747
1698187608.728088
1698187608.728403
1698187608.728701
1698187608.728997
1698187608.729308
1698187608.729607
1698187608.729917
1698187608.730215
1698187608.730515
1698187608.730808
1698187608.731107
1698187608.731416
1698187608.731714
1698187608.732023
1698187608.732388
1698187608.732685
1698187608.732987
1698187608.733284
1698187608.733580
1698187608.733878
1698187608.734184
1698187608.734507
1698187608.734809
1698187608.735122
1698187608.735421
1698187608.735722
1698187608.736018
1698187608.736367
1698187608.736678
1698187608.736977
1698187608.737309
1698187608.737611
1698187608.737920
1698187608.738219
1698187608.738602
1698187608.738901
1698187608.739200
1698187608.739498
1698187608.739808
1698187608.740110
1698187608.740440
1698187608.740739
1698187608.741037
1698187608.741335
1698187608.741632
1698187608.741934
1698187608.742237
1698187608.742547
1698187608.742845
1698187608.743145
1698187608.743444
1698187608.743743
1698187608.744081
1698187608.744393
1698187608.744688
1698187608.744987
1698187608.745296
1698187608.745594
1698187608.745892
1698187608.746192
1698187608.746489
1698187608.746798
1698187608.747098
1698187608.747408
1698187608.747706
1698187608.748004
1698187608.748341
1698187608.748653
1698187608.748948
1698187608.749246
1698187608.749560
1698187608.749863
1698187608.750162
1698187608.750460
1698187608.750758
1698187608.751059
1698187608.751364
1698187608.751661
1698187608.751956
1698187608.752426
1698187608.752761
1698187608.753060
1698187608.753439
1698187608.753740
1698187608.754075
1698187608.754591
1698187608.754963
1698187608.755277
1698187608.755579
1698187608.755917
1698187608.756218
1698187608.756534
1698187608.756830
1698187608.757128
1698187608.757439
1698187608.757740
1698187608.758039
1698187608.758337
1698187608.758635
1698187608.758945
1698187608.759241
1698187608.759537
1698187608.759834
1698187608.760134
1698187608.760467
1698187608.760777
1698187608.761076
1698187608.761374
1698187608.761671
1698187608.761967
1698187608.762274
1698187608.762573
1698187608.762883
1698187608.763183
1698187608.763479
1698187608.763775
1698187608.764074
1698187608.764398
1698187608.764698
1698187608.765007
1698187608.765309
1698187608.765612
1698187608.765908
