1700722336.176557
1700722336.189653
1700722336.189919
1700722336.190089
1700722336.190252
1700722336.190409
1700722336.190567
1700722336.190709
1700722336.190850
1700722336.191005
1700722336.191161
1700722336.191314
1700722336.191467
1700722336.191621
1700722336.191776
1700722336.191931
1700722336.192159
1700722336.192308
1700722336.192471
1700722336.192632
1700722336.192774
1700722336.192908
1700722336.193089
1700722336.193231
1700722336.193375
1700722336.193511
1700722336.193641
1700722336.193784
1700722336.193934
1700722336.194062
1700722336.194191
1700722336.194343
1700722336.194507
1700722336.194681
1700722336.194849
1700722336.194991
1700722336.195132
1700722336.195291
1700722336.195430
1700722336.195574
1700722336.195717
1700722336.195857
1700722336.196015
1700722336.196155
1700722336.196296
1700722336.196439
1700722336.196579
1700722336.196720
1700722336.196864
1700722336.197037
1700722336.197189
1700722336.197332
1700722336.197490
1700722336.197632
1700722336.197774
1700722336.197931
1700722336.198072
1700722336.198213
1700722336.198354
1700722336.198494
1700722336.198652
1700722336.198794
1700722336.198939
1700722336.199085
1700722336.199228
1700722336.199370
1700722336.199511
1700722336.199661
1700722336.199803
1700722336.199930
1700722336.200095
1700722336.200244
1700722336.200389
1700722336.200550
1700722336.200696
1700722336.200842
1700722336.201099
1700722336.201243
1700722336.201288
1700722336.201328
1700722336.201365
1700722336.201404
1700722336.201442
1700722336.201479
1700722336.201519
1700722336.201556
1700722336.201594
1700722336.201633
1700722336.201676
1700722336.201712
1700722336.201750
1700722336.201792
1700722336.201826
1700722336.201860
1700722336.201893
1700722336.201926
1700722336.201964
1700722336.201998
1700722336.202031
1700722336.202064
1700722336.202098
1700722336.202131
1700722336.202164
1700722336.202198
1700722336.202232
1700722336.202265
1700722336.202305
1700722336.202338
1700722336.202371
1700722336.202412
1700722336.202445
1700722336.202478
1700722336.202511
1700722336.202545
1700722336.202585
1700722336.202619
1700722336.202652
1700722336.202686
1700722336.202719
1700722336.202752
1700722336.202785
1700722336.202818
1700722336.202852
1700722336.202889
1700722336.202935
1700722336.202972
1700722336.203004
1700722336.203146
1700722336.203184
1700722336.203222
1700722336.203259
1700722336.203295
1700722336.203338
1700722336.203372
1700722336.203410
1700722336.203444
1700722336.203475
1700722336.203506
1700722336.203540
1700722336.203570
1700722336.203601
1700722336.203635
1700722336.203669
1700722336.203704
1700722336.203742
1700722336.203777
1700722336.203812
1700722336.203851
1700722336.203886
1700722336.203919
1700722336.203954
1700722336.203989
1700722336.204028
1700722336.204062
1700722336.204098
1700722336.204132
1700722336.204166
1700722336.204200
1700722336.204233
1700722336.204267
1700722336.204301
1700722336.204335
1700722336.204374
1700722336.204409
1700722336.204443
1700722336.204482
1700722336.204518
1700722336.204553
1700722336.204587
1700722336.204621
1700722336.204661
1700722336.204696
1700722336.204731
1700722336.204765
1700722336.204800
1700722336.204835
1700722336.204869
1700722336.204903
1700722336.204938
1700722336.204998
1700722336.205038
1700722336.205072
1700722336.205110
1700722336.205161
1700722336.205199
1700722336.205236
1700722336.205273
1700722336.205309
1700722336.205350
1700722336.205387
1700722336.205423
1700722336.205459
1700722336.205496
1700722336.205532
1700722336.205568
1700722336.205604
1700722336.205640
1700722336.205677
1700722336.205718
1700722336.205755
1700722336.205791
1700722336.205835
1700722336.205868
1700722336.205903
1700722336.205936
1700722336.205971
1700722336.206010
1700722336.206044
1700722336.206078
1700722336.206112
1700722336.206147
1700722336.206182
1700722336.206217
1700722336.206252
1700722336.206288
1700722336.206325
1700722336.206374
1700722336.206409
1700722336.206445
1700722336.206486
1700722336.206526
1700722336.206562
1700722336.206598
1700722336.206640
1700722336.206684
1700722336.206723
1700722336.206762
1700722336.206801
1700722336.206872
1700722336.206911
1700722336.206950
1700722336.206990
1700722336.207027
1700722336.207065
1700722336.207113
1700722336.207150
1700722336.207186
1700722336.207226
1700722336.207261
1700722336.207297
1700722336.207335
1700722336.207371
1700722336.207417
1700722336.207455
1700722336.207493
1700722336.207531
1700722336.207572
1700722336.207610
1700722336.207647
1700722336.207686
1700722336.207724
1700722336.207761
1700722336.207805
1700722336.207842
1700722336.207881
1700722336.207926
1700722336.207963
1700722336.208002
1700722336.208041
1700722336.208078
1700722336.208123
1700722337.059335
1700722337.064086
1700722337.064341
1700722337.064515
1700722337.064685
1700722337.064861
1700722337.065104
1700722337.068776
1700722337.068922
1700722337.069054
1700722337.069168
1700722337.072767
1700722337.072923
1700722337.073056
1700722337.077801
1700722337.077928
1700722337.077987
1700722337.078052
1700722337.160374
1700722337.164941
1700722337.165202
1700722337.165321
1700722337.165436
1700722337.165549
1700722337.165666
1700722337.165782
1700722337.169773
1700722337.169986
1700722337.170084
1700722337.170185
1700722337.174149
1700722337.174313
1700722337.174410
1700722337.174508
1700722337.179874
1700722337.180086
1700722337.259164
1700722337.264091
1700722337.264292
1700722337.264430
1700722337.264563
1700722337.264695
1700722337.271096
1700722337.271288
1700722337.271391
1700722337.271546
1700722337.276129
1700722337.276329
1700722337.276461
1700722337.276575
1700722337.276691
1700722337.276803
1700722337.276919
1700722337.283370
1700722337.361856
1700722337.366790
1700722337.366978
1700722337.367095
1700722337.367212
1700722337.367328
1700722337.367527
1700722337.373521
1700722337.373694
1700722337.373820
1700722337.374011
1700722337.379327
1700722337.379529
1700722337.379635
1700722337.379738
1700722337.379841
1700722337.379943
1700722337.380141
1700722337.459222
1700722337.464525
1700722337.464761
1700722337.464879
1700722337.465306
1700722337.470558
1700722337.470736
1700722337.470827
1700722337.471009
1700722337.476892
1700722337.477106
1700722337.477216
1700722337.477324
1700722337.477411
1700722337.477506
1700722337.477592
1700722337.477758
1700722337.483279
1700722337.561843
1700722337.566995
1700722337.567221
1700722337.567376
1700722337.567518
1700722337.567731
1700722337.573840
1700722337.574004
1700722337.574097
1700722337.574296
1700722337.579469
1700722337.579671
1700722337.579778
1700722337.579873
1700722337.579968
1700722337.580088
1700722337.580204
1700722337.580422
1700722337.665671
1700722337.673211
1700722337.673418
1700722337.673543
1700722337.673681
1700722337.673815
1700722337.673961
1700722337.674285
1700722337.682065
1700722337.682295
1700722337.682381
1700722337.682457
1700722337.682544
1700722337.682624
1700722337.682702
1700722337.682770
1700722337.682866
1700722337.682974
1700722337.763971
1700722337.768951
1700722337.769094
1700722337.769160
1700722337.769286
1700722337.774670
1700722337.774834
1700722337.774922
1700722337.775017
1700722337.775107
1700722337.775186
1700722337.775271
1700722337.775445
1700722337.779929
1700722337.780089
1700722337.780179
1700722337.780339
1700722337.784918
1700722337.864399
1700722337.869498
1700722337.869938
1700722337.875037
1700722337.875196
1700722337.875284
1700722337.875376
1700722337.875468
1700722337.875560
1700722337.875664
1700722337.875838
1700722337.880091
1700722337.880266
1700722337.880366
1700722337.880542
1700722337.887000
1700722337.887150
1700722337.887329
1700722337.964196
1700722337.969983
1700722337.970242
1700722337.970404
1700722337.970683
1700722337.977062
1700722337.977211
1700722337.977299
1700722337.977384
1700722337.977480
1700722337.977564
1700722337.977726
1700722337.984078
1700722337.984224
1700722337.984308
1700722337.984385
1700722337.984469
1700722337.984637
1700722338.066666
1700722338.073605
1700722338.073767
1700722338.073942
1700722338.074108
1700722338.074361
1700722338.079866
1700722338.080097
1700722338.080258
1700722338.080466
1700722338.080628
1700722338.080784
1700722338.081033
1700722338.081298
1700722338.088918
1700722338.089227
1700722338.089374
1700722338.089527
1700722338.169284
1700722338.174638
1700722338.174886
1700722338.175223
1700722338.175339
1700722338.175457
1700722338.175573
1700722338.175774
1700722338.180952
1700722338.181164
1700722338.181265
1700722338.181362
1700722338.181472
1700722338.181565
1700722338.181651
1700722338.181817
1700722338.187093
1700722338.187337
1700722338.267951
1700722338.273044
1700722338.273248
1700722338.273384
1700722338.273614
1700722338.279136
1700722338.279320
1700722338.279407
1700722338.279492
1700722338.279587
1700722338.279665
1700722338.279748
1700722338.279920
1700722338.285089
1700722338.285243
1700722338.285335
1700722338.285497
1700722338.291558
1700722338.382894
1700722338.387906
1700722338.388140
1700722338.388277
1700722338.388398
1700722338.388554
1700722338.388737
1700722338.388859
1700722338.389036
1700722338.389183
1700722338.389315
1700722338.389463
1700722338.389632
1700722338.389786
1700722338.389938
1700722338.390090
1700722338.390241
1700722338.390533
1700722338.471799
1700722338.479627
1700722338.479867
1700722338.479994
1700722338.480211
1700722338.480324
1700722338.480469
1700722338.480737
1700722338.489838
1700722338.490215
1700722338.490427
1700722338.490627
1700722338.490824
1700722338.491011
1700722338.491230
1700722338.491410
1700722338.491556
1700722338.491785
1700722338.569696
1700722338.577828
1700722338.578063
1700722338.578226
1700722338.578387
1700722338.578566
1700722338.583905
1700722338.584073
1700722338.584162
1700722338.584272
1700722338.584364
1700722338.584449
1700722338.584550
1700722338.584728
1700722338.590311
1700722338.590480
1700722338.590579
1700722338.590789
1700722338.674110
1700722338.679769
1700722338.680007
1700722338.680176
1700722338.680359
1700722338.680517
1700722338.680763
1700722338.687523
1700722338.687701
1700722338.687820
1700722338.687922
1700722338.688016
1700722338.688127
1700722338.688222
1700722338.688405
1700722338.693077
1700722338.693250
1700722338.693468
1700722338.770528
1700722338.776053
1700722338.776202
1700722338.776290
1700722338.776431
1700722338.782817
1700722338.783041
1700722338.783177
1700722338.783306
1700722338.783453
1700722338.783580
1700722338.783712
1700722338.783962
1700722338.789296
1700722338.789526
1700722338.789817
1700722338.790023
1700722338.795026
1700722338.873885
1700722338.878557
1700722338.878891
1700722338.879115
1700722338.879316
1700722338.879555
1700722338.879794
1700722338.885056
1700722338.885288
1700722338.885459
1700722338.885579
1700722338.885701
1700722338.885862
1700722338.886072
1700722338.891738
1700722338.891901
1700722338.892071
1700722338.892229
1700722338.975907
1700722338.981446
1700722338.982075
1700722338.982499
1700722338.982731
1700722338.983109
1700722338.983371
1700722338.983658
1700722338.988323
1700722338.988517
1700722338.988626
1700722338.988726
1700722338.988856
1700722338.988989
1700722338.989098
1700722338.989275
1700722338.993896
1700722338.994212
1700722339.073372
1700722339.077892
1700722339.078245
1700722339.078520
1700722339.078760
1700722339.079266
1700722339.087049
1700722339.087247
1700722339.087348
1700722339.087547
1700722339.095055
1700722339.095313
1700722339.095489
1700722339.095629
1700722339.095771
1700722339.095903
1700722339.096024
1700722339.096294
1700722339.175312
1700722339.179961
1700722339.180303
1700722339.180546
1700722339.180775
1700722339.181088
1700722339.181331
1700722339.187341
1700722339.187575
1700722339.187744
1700722339.187944
1700722339.193227
1700722339.193475
1700722339.193593
1700722339.193752
1700722339.193839
1700722339.193923
1700722339.194044
1700722339.279848
1700722339.284670
1700722339.285113
1700722339.285346
1700722339.285572
1700722339.285790
1700722339.286021
1700722339.286224
1700722339.286605
1700722339.292506
1700722339.292674
1700722339.292777
1700722339.292906
1700722339.293047
1700722339.293152
1700722339.293256
1700722339.293439
1700722339.300696
1700722339.376516
1700722339.382594
1700722339.382804
1700722339.382922
1700722339.383044
1700722339.383235
1700722339.388344
1700722339.389165
1700722339.389451
1700722339.389588
1700722339.389693
1700722339.389797
1700722339.389914
1700722339.390110
1700722339.395679
1700722339.395829
1700722339.395907
1700722339.396053
1700722339.479237
1700722339.485249
1700722339.485477
1700722339.485634
1700722339.485783
1700722339.485930
1700722339.486077
1700722339.486314
1700722339.491169
1700722339.491365
1700722339.491458
1700722339.491545
1700722339.491651
1700722339.491738
1700722339.491824
1700722339.491982
1700722339.498645
1700722339.498898
1700722339.576443
1700722339.581514
1700722339.581713
1700722339.581847
1700722339.581977
1700722339.582211
1700722339.589508
1700722339.589715
1700722339.589836
1700722339.589962
1700722339.590083
1700722339.590221
1700722339.590478
1700722339.596280
1700722339.596473
1700722339.596585
1700722339.596800
1700722339.602251
1700722339.679852
1700722339.685758
1700722339.685957
1700722339.686090
1700722339.686212
1700722339.686342
1700722339.686577
1700722339.692033
1700722339.692244
1700722339.692364
1700722339.692466
1700722339.692567
1700722339.692685
1700722339.692785
1700722339.693030
1700722339.698147
1700722339.698312
1700722339.698493
1700722339.778166
1700722339.782562
1700722339.782758
1700722339.782883
1700722339.783136
1700722339.788501
1700722339.788667
1700722339.788751
1700722339.788925
1700722339.793692
1700722339.793913
1700722339.794019
1700722339.794124
1700722339.794219
1700722339.794312
1700722339.794482
1700722339.799278
1700722339.799515
1700722339.880171
1700722339.885737
1700722339.885926
1700722339.886055
1700722339.886160
1700722339.886350
1700722339.891437
1700722339.891581
1700722339.891652
1700722339.891805
1700722339.896281
1700722339.896427
1700722339.896543
1700722339.896613
1700722339.896705
1700722339.896790
1700722339.896945
1700722339.901962
1700722339.981950
1700722339.986512
1700722339.986678
1700722339.986797
1700722339.986908
1700722339.987015
1700722339.987108
1700722339.987291
1700722339.992233
1700722339.992422
1700722339.992519
1700722339.992696
1700722339.997702
1700722339.997790
1700722339.997852
1700722339.997960
1700722340.002458
1700722340.002645
1700722340.081640
1700722340.087544
1700722340.087727
1700722340.087852
1700722340.088248
1700722340.092811
1700722340.092951
1700722340.093085
1700722340.093169
1700722340.093265
1700722340.093343
1700722340.093426
1700722340.093590
1700722340.098761
1700722340.098899
1700722340.098982
1700722340.099135
1700722340.103530
1700722340.184213
1700722340.188332
1700722340.188480
1700722340.188614
1700722340.188743
1700722340.188878
1700722340.189208
1700722340.193897
1700722340.194012
1700722340.194104
1700722340.194335
1700722340.198439
1700722340.198548
1700722340.198638
1700722340.198772
1700722340.203504
1700722340.203659
1700722340.203982
1700722340.281317
1700722340.286076
1700722340.286232
1700722340.286361
1700722340.286565
1700722340.291484
1700722340.291642
1700722340.291817
1700722340.297525
1700722340.297717
1700722340.297816
1700722340.298005
1700722340.303434
1700722340.303552
1700722340.303611
1700722340.303671
1700722340.303731
1700722340.303864
1700722340.384230
1700722340.389345
1700722340.389548
1700722340.389694
1700722340.389826
1700722340.390057
1700722340.395148
1700722340.395377
1700722340.395544
1700722340.395982
1700722340.401246
1700722340.401402
1700722340.401663
1700722340.401799
1700722340.401949
1700722340.402092
1700722340.402231
1700722340.402405
1700722340.487007
1700722340.492525
1700722340.492694
1700722340.492779
1700722340.493183
1700722340.493279
1700722340.493373
1700722340.493538
1700722340.499957
1700722340.500121
1700722340.500204
1700722340.500283
1700722340.500371
1700722340.500449
1700722340.500608
1700722340.507329
1700722340.507477
1700722340.507651
1700722340.585000
1700722340.589697
1700722340.589845
1700722340.589963
1700722340.590162
1700722340.594991
1700722340.595098
1700722340.595186
1700722340.595331
1700722340.605376
1700722340.605648
1700722340.605733
1700722340.605817
1700722340.605894
1700722340.605971
1700722340.606049
1700722340.606221
1700722340.612348
1700722340.688241
1700722340.693740
1700722340.694110
1700722340.694266
1700722340.694411
1700722340.694557
1700722340.694807
1700722340.699141
1700722340.699282
1700722340.699377
1700722340.699457
1700722340.699537
1700722340.699626
1700722340.699706
1700722340.699853
1700722340.705046
1700722340.705186
1700722340.705353
1700722340.789680
1700722340.794297
1700722340.794508
1700722340.794660
1700722340.794785
1700722340.794932
1700722340.795098
1700722340.795354
1700722340.799700
1700722340.799951
1700722340.800063
1700722340.800274
1700722340.806222
1700722340.806396
1700722340.806477
1700722340.806533
1700722340.806600
1700722340.806744
1700722340.888584
1700722340.893666
1700722340.893861
1700722340.894005
1700722340.894121
1700722340.894314
1700722340.898866
1700722340.898984
1700722340.899071
1700722340.899221
1700722340.907084
1700722340.907226
1700722340.907309
1700722340.907378
1700722340.907435
1700722340.907490
1700722340.907535
1700722340.907652
1700722340.990091
1700722340.995042
1700722340.995256
1700722340.995376
1700722340.995497
1700722340.995614
1700722340.995837
1700722341.000667
1700722341.000859
1700722341.000998
1700722341.001198
1700722341.006103
1700722341.006323
1700722341.006405
1700722341.006498
1700722341.006583
1700722341.006678
1700722341.006799
1700722341.089988
1700722341.095193
1700722341.095402
1700722341.095516
1700722341.095702
1700722341.101909
1700722341.102084
1700722341.102181
1700722341.102269
1700722341.102367
1700722341.102453
1700722341.102538
1700722341.102726
1700722341.107092
1700722341.107286
1700722341.107360
1700722341.107489
1700722341.111876
1700722341.191217
