1699301411.226458
1699301411.228260
1699301411.228415
1699301411.228531
1699301411.228631
1699301411.228733
1699301411.228835
1699301411.228935
1699301411.229033
1699301411.229125
1699301411.229219
1699301411.229317
1699301411.229421
1699301411.229517
1699301411.229613
1699301411.229766
1699301411.229894
1699301411.229990
1699301411.230088
1699301411.230183
1699301411.230277
1699301411.230372
1699301411.230471
1699301411.230568
1699301411.230660
1699301411.230758
1699301411.230853
1699301411.230944
1699301411.231038
1699301411.231136
1699301411.231230
1699301411.231321
1699301411.231414
1699301411.231505
1699301411.231598
1699301411.231690
1699301411.231787
1699301411.231879
1699301411.231970
1699301411.232063
1699301411.232155
1699301411.232248
1699301411.232345
1699301411.232438
1699301411.232529
1699301411.232626
1699301411.232718
1699301411.232809
1699301411.232901
1699301411.232993
1699301411.233086
1699301411.233178
1699301411.233275
1699301411.233368
1699301411.233460
1699301411.233552
1699301411.233644
1699301411.233737
1699301411.233846
1699301411.233943
1699301411.234035
1699301411.234132
1699301411.234224
1699301411.234315
1699301411.234408
1699301411.234498
1699301411.234591
1699301411.234683
1699301411.234780
1699301411.234872
1699301411.234963
1699301411.235055
1699301411.235146
1699301411.235239
1699301411.235335
1699301411.235428
1699301411.235520
1699301411.235612
1699301411.235704
1699301411.235795
1699301411.235888
1699301411.236018
1699301411.236112
1699301411.236203
1699301411.236294
1699301411.236387
1699301411.236480
1699301411.236572
1699301411.236664
1699301411.236761
1699301411.236855
1699301411.236946
1699301411.237038
1699301411.237130
1699301411.237223
1699301411.237315
1699301411.237412
1699301411.237504
1699301411.237595
1699301411.237688
1699301411.237801
1699301411.237893
1699301411.237984
1699301411.238076
1699301411.238168
1699301411.238264
1699301411.238354
1699301411.238444
1699301411.238536
1699301411.238626
1699301411.238718
1699301411.238810
1699301411.238907
1699301411.238999
1699301411.239089
1699301411.239242
1699301411.239338
1699301411.239431
1699301411.239522
1699301411.239615
1699301411.239712
1699301411.239805
1699301411.239897
1699301411.239991
1699301411.240083
1699301411.240175
1699301411.240268
1699301411.240360
1699301411.240453
1699301411.240546
1699301411.240644
1699301411.240736
1699301411.240827
1699301411.240920
1699301411.241011
1699301411.241105
1699301411.241197
1699301411.241289
1699301411.241381
1699301411.241474
1699301411.241566
1699301411.241664
1699301411.241776
1699301411.241882
1699301411.241974
1699301411.242066
1699301411.242164
1699301411.242256
1699301411.242348
1699301411.242439
1699301411.242532
1699301411.242623
1699301411.242716
1699301411.242809
1699301411.242907
1699301411.243000
1699301411.243091
1699301411.243184
1699301411.243275
1699301411.243367
1699301411.243464
1699301411.243557
1699301411.243649
1699301411.243741
1699301411.243834
1699301411.243925
1699301411.244017
1699301411.244109
1699301411.244202
1699301411.244296
1699301411.244389
1699301411.244479
1699301411.244572
1699301411.244663
1699301411.244756
1699301411.244853
1699301411.244946
1699301411.245038
1699301411.245136
1699301411.245229
1699301411.245320
1699301411.245412
1699301411.245505
1699301411.245598
1699301411.245690
1699301411.245813
1699301411.245903
1699301411.245999
1699301411.246089
1699301411.246178
1699301411.246269
1699301411.246357
1699301411.246448
1699301411.246538
1699301411.246633
1699301411.246723
1699301411.246812
1699301411.246903
1699301411.246992
1699301411.247082
1699301411.247173
1699301411.247268
1699301411.247358
1699301411.247447
1699301411.247537
1699301411.247627
1699301411.247718
1699301411.247808
1699301411.247903
1699301411.247993
1699301411.248082
1699301411.248173
1699301411.248262
1699301411.248353
1699301411.248441
1699301411.248532
1699301411.248621
1699301411.248712
1699301411.248802
1699301411.248897
1699301411.248987
1699301411.249077
1699301411.249167
1699301411.249256
1699301411.249347
1699301411.249438
1699301411.249533
1699301411.249623
1699301411.249835
1699301411.249936
1699301411.250034
1699301411.250127
1699301411.250218
1699301411.250310
1699301411.250402
1699301411.250494
1699301411.250591
1699301411.250683
1699301411.250775
1699301411.250867
1699301411.250959
1699301411.251050
1699301411.251143
1699301411.251234
1699301411.251327
1699301411.251419
1699301411.251516
1699301411.251608
1699301411.251699
1699301411.251791
1699301411.251883
1699301411.251975
1699301411.252067
1699301411.252158
1699301411.252249
1699301411.252342
1699301411.252434
1699301411.252531
1699301411.252623
1699301411.252714
1699301411.252807
1699301411.252898
1699301411.252990
1699301411.253086
1699301411.253179
1699301411.253271
1699301411.253364
1699301411.253456
1699301411.253547
1699301411.253639
1699301411.254213
1699301411.255723
1699301411.255854
1699301411.255951
1699301411.256048
1699301411.256141
1699301411.256236
1699301411.256335
1699301411.256431
1699301411.256523
1699301411.256625
1699301411.256725
1699301411.256882
1699301411.256985
1699301411.257081
1699301411.257180
1699301411.257285
1699301411.257378
1699301411.257477
1699301411.257580
1699301411.257687
1699301411.257840
1699301411.257940
1699301411.258036
1699301411.258127
1699301411.258222
1699301411.258314
1699301411.258407
1699301411.258504
1699301411.258600
1699301411.258691
1699301411.258784
1699301411.258882
1699301411.258974
1699301411.259065
1699301411.259158
1699301411.259249
1699301411.259341
1699301411.259434
1699301411.259531
1699301411.259623
1699301411.259714
1699301411.259807
1699301411.259897
1699301411.259990
1699301411.260082
1699301411.260173
1699301411.260264
1699301411.260357
1699301411.260453
1699301411.260546
1699301411.260638
1699301411.260731
1699301411.260829
1699301411.260921
1699301411.261014
1699301411.261104
1699301411.261197
1699301411.261294
1699301411.261387
1699301411.261479
1699301411.261571
1699301411.261668
1699301411.261784
1699301411.261889
1699301411.261982
1699301411.262073
1699301411.262166
1699301411.262257
1699301411.262352
1699301411.262444
1699301411.262541
1699301411.262634
1699301411.262726
1699301411.262820
1699301411.262917
1699301411.263010
1699301411.263103
1699301411.263196
1699301411.263294
1699301411.263386
1699301411.263477
1699301411.263569
1699301411.263666
1699301411.263760
1699301411.263851
1699301411.263944
1699301411.264041
1699301411.264133
1699301411.264228
1699301411.264321
1699301411.264412
1699301411.264505
1699301411.264597
1699301411.264689
1699301411.264781
1699301411.264877
1699301411.264970
1699301411.265060
1699301411.265153
1699301411.265243
1699301411.265335
1699301411.265428
1699301411.265524
1699301411.265617
1699301411.265729
1699301411.265830
1699301411.265920
1699301411.266013
1699301411.266103
1699301411.266196
1699301411.266288
1699301411.266384
1699301411.266477
1699301411.266568
1699301411.266660
1699301411.266751
1699301411.266843
1699301411.266935
1699301411.267032
1699301411.267124
1699301411.267215
1699301411.267307
1699301411.267397
1699301411.267489
1699301411.267587
1699301411.267679
1699301411.267772
1699301411.267863
1699301411.267957
1699301411.268049
1699301411.268146
1699301411.268239
1699301411.268334
1699301411.268430
1699301411.268528
1699301411.268621
1699301411.269326
1699301411.269472
1699301411.269572
1699301411.269664
1699301411.269794
1699301411.269896
1699301411.269989
1699301411.270087
1699301411.270182
1699301411.270274
1699301411.270366
1699301411.270459
1699301411.270549
1699301411.270642
1699301411.270733
1699301411.270826
1699301411.270919
1699301411.271016
1699301411.271108
1699301411.271199
1699301411.271291
1699301411.271383
1699301411.271477
1699301411.271568
1699301411.271666
1699301411.271759
1699301411.271854
1699301411.271951
1699301411.272043
1699301411.272137
1699301411.272229
1699301411.272326
1699301411.272418
1699301411.272511
1699301411.272601
1699301411.272695
1699301411.272792
1699301411.272885
1699301411.272976
1699301411.273069
1699301411.273166
1699301411.273259
1699301411.273352
1699301411.273445
1699301411.273542
1699301411.273634
1699301411.273726
1699301411.273825
1699301411.273916
1699301411.274067
1699301411.274160
1699301411.274257
1699301411.274350
1699301411.274444
1699301411.274540
1699301411.274633
1699301411.274727
1699301411.274820
1699301411.274917
1699301411.275010
1699301411.275102
1699301411.275195
1699301411.275293
1699301411.275386
1699301411.275478
1699301411.275570
1699301411.275667
1699301411.275760
1699301411.275852
1699301411.275945
1699301411.276056
1699301411.276152
1699301411.276244
1699301411.276336
1699301411.276428
1699301411.276519
1699301411.276611
1699301411.276708
1699301411.276800
1699301411.276893
1699301411.276991
1699301411.277084
1699301411.277175
1699301411.277266
1699301411.277359
1699301411.277456
1699301411.277547
1699301411.277640
1699301411.277740
1699301411.277839
1699301411.277930
1699301411.278022
1699301411.278113
1699301411.278206
1699301411.278298
1699301411.278394
1699301411.278487
1699301411.278577
1699301411.278670
1699301411.278761
1699301411.278854
1699301411.278951
1699301411.279043
1699301411.279135
1699301411.279227
1699301411.279320
1699301411.279417
1699301411.279510
1699301411.279602
1699301411.279695
1699301411.279793
1699301411.279886
1699301411.279976
1699301411.280069
1699301411.280166
1699301411.280259
1699301411.280350
1699301411.280442
1699301411.280539
1699301411.280631
1699301411.280726
1699301411.280818
1699301411.280915
1699301411.281008
1699301411.281100
1699301411.281193
1699301411.281290
1699301411.281382
1699301411.281476
1699301411.281569
1699301411.281666
1699301411.281770
1699301411.281873
1699301411.281965
1699301411.282056
1699301411.282148
1699301411.282238
1699301411.282330
1699301411.282422
1699301411.282519
1699301411.282611
1699301411.282702
1699301411.282794
1699301411.282884
1699301411.282976
1699301411.283067
1699301411.283164
1699301411.283256
1699301411.283351
1699301411.283443
1699301411.283539
1699301411.283631
1699301411.283723
1699301411.283816
1699301411.283913
1699301411.284005
1699301411.284096
1699301411.284188
1699301411.284279
1699301411.284515
1699301411.284614
1699301411.284708
1699301411.284799
1699301411.284892
1699301411.284985
1699301411.285082
1699301411.285174
1699301411.285283
1699301411.285374
1699301411.285467
1699301411.285560
1699301411.285657
1699301411.285770
1699301411.285874
1699301411.285966
1699301411.286057
1699301411.286149
1699301411.286240
1699301411.286333
1699301411.286425
1699301411.286521
1699301411.286614
1699301411.286704
1699301411.286796
1699301411.286886
1699301411.286979
1699301411.287076
1699301411.287167
1699301411.287260
1699301411.287351
1699301411.287443
1699301411.287540
1699301411.287632
1699301411.287726
1699301411.287818
1699301411.287914
1699301411.288007
1699301411.288100
1699301411.288192
1699301411.288289
1699301411.288381
1699301411.288473
1699301411.288565
1699301411.288662
1699301411.288754
1699301411.288844
1699301411.288936
1699301411.289026
1699301411.289119
1699301411.289215
1699301411.289390
1699301411.289483
1699301411.289576
1699301411.289669
1699301411.289786
1699301411.289886
1699301411.289995
1699301411.290088
1699301411.290179
1699301411.290271
1699301411.290363
1699301411.290460
1699301411.290552
1699301411.290645
1699301411.290736
1699301411.290828
1699301411.290919
1699301411.291013
1699301411.291104
1699301411.291196
1699301411.291289
1699301411.291386
1699301411.291479
1699301411.291569
1699301411.291661
1699301411.291752
1699301411.291845
1699301411.291937
1699301411.292033
1699301411.292126
1699301411.292218
1699301411.292311
1699301411.292402
1699301411.292494
1699301411.292591
1699301411.292682
1699301411.292775
1699301411.292872
1699301411.292964
1699301411.293056
1699301411.293153
1699301411.293245
1699301411.293337
1699301411.293427
1699301411.293520
1699301411.293611
1699301411.293721
1699301411.293825
1699301411.293918
1699301411.294010
1699301411.294100
1699301411.294192
1699301411.294289
1699301411.294381
1699301411.294474
1699301411.294567
1699301411.294663
1699301411.294756
1699301411.294848
1699301411.294941
1699301411.295038
1699301411.295130
1699301411.295225
1699301411.295318
1699301411.295415
1699301411.295508
1699301411.295651
1699301411.295744
1699301411.295834
1699301411.295926
1699301411.296017
1699301411.296109
1699301411.296207
1699301411.296301
1699301411.296394
1699301411.296486
1699301411.296578
1699301411.296669
1699301411.296762
1699301411.296852
1699301411.296944
1699301411.297037
1699301411.297133
1699301411.297225
1699301411.297316
1699301411.297408
1699301411.297499
1699301411.297591
1699301411.297684
1699301411.297807
1699301411.297900
1699301411.297996
1699301411.298088
1699301411.298179
1699301411.298272
1699301411.298362
1699301411.298455
1699301411.298547
1699301411.298644
1699301411.298737
1699301411.298827
1699301411.298920
1699301411.299011
1699301411.299103
1699301411.299200
1699301411.299293
1699301411.299385
1699301411.299476
1699301411.299569
1699301411.299666
1699301411.299758
1699301411.299851
1699301411.299942
1699301411.300033
1699301411.300125
1699301411.300223
1699301411.300315
1699301411.300408
1699301411.300505
1699301411.300598
1699301411.300689
1699301411.300781
1699301411.300872
1699301411.300965
1699301411.301057
1699301411.301148
1699301411.301241
1699301411.301334
1699301411.301427
1699301411.301523
1699301411.301616
1699301411.301724
1699301411.301824
1699301411.301915
1699301411.302008
1699301411.302099
1699301411.302192
1699301411.302285
1699301411.302382
1699301411.302474
1699301411.302565
1699301411.302658
1699301411.302748
1699301411.302841
1699301411.302933
1699301411.303030
1699301411.303123
1699301411.303213
1699301411.303306
1699301411.303397
1699301411.303489
1699301411.303586
1699301411.303678
1699301411.303770
1699301411.303862
1699301411.303954
1699301411.304045
1699301411.304137
1699301411.304228
1699301411.304320
1699301411.304412
1699301411.304509
1699301411.304601
1699301411.304692
1699301411.304784
1699301411.304875
1699301411.304967
1699301411.305059
1699301411.305156
1699301411.305248
1699301411.305339
1699301411.305431
1699301411.305522
1699301411.305614
1699301411.305727
1699301411.305826
1699301411.305919
1699301411.306031
1699301411.306128
1699301411.306225
1699301411.306317
1699301411.306409
1699301411.306500
1699301411.306593
1699301411.306685
1699301411.306782
1699301411.306874
1699301411.306965
1699301411.307057
1699301411.307148
1699301411.307241
1699301411.307338
1699301411.307430
1699301411.307522
1699301411.307615
1699301411.307707
1699301411.307798
1699301411.307890
1699301411.307981
1699301411.308075
1699301411.308167
1699301411.308260
1699301411.308351
1699301411.308443
1699301411.308536
1699301411.308633
1699301411.308724
1699301411.308815
1699301411.308908
1699301411.309002
1699301411.309094
1699301411.309186
1699301411.309294
1699301411.309386
1699301411.309478
1699301411.309575
1699301411.309667
1699301411.309779
1699301411.309883
1699301411.309974
1699301411.310065
1699301411.310158
1699301411.310249
1699301411.310343
1699301411.310436
1699301411.310532
1699301411.310625
1699301411.310717
1699301411.310809
1699301411.310900
1699301411.310993
1699301411.311090
1699301411.311182
1699301411.311275
1699301411.311372
1699301411.311464
1699301411.311555
1699301411.311648
1699301411.311739
1699301411.311832
1699301411.311924
1699301411.312021
1699301411.312114
1699301411.312205
1699301411.312298
1699301411.312388
1699301411.312481
1699301411.312578
1699301411.312670
1699301411.312762
1699301411.312854
1699301411.312946
1699301411.313037
1699301411.313129
1699301411.313223
1699301411.313315
1699301411.313407
1699301411.313504
1699301411.313597
1699301411.313689
1699301411.313804
1699301411.313895
1699301411.313989
1699301411.314087
1699301411.314179
1699301411.314272
1699301411.314364
1699301411.314456
1699301411.314547
1699301411.314639
1699301411.314729
1699301411.314821
1699301411.314914
1699301411.315011
1699301411.315103
1699301411.315194
1699301411.315287
1699301411.315377
1699301411.315470
1699301411.315562
1699301411.315658
1699301411.315750
1699301411.315841
1699301411.315934
1699301411.316031
1699301411.316123
1699301411.316214
1699301411.316307
1699301411.316397
1699301411.316490
1699301411.316586
1699301411.316678
1699301411.316771
1699301411.316862
1699301411.316988
1699301411.317085
1699301411.317178
1699301411.317273
1699301411.317365
1699301411.317456
1699301411.317548
1699301411.317640
1699301411.317733
1699301411.317837
1699301411.317929
1699301411.318022
1699301411.318113
1699301411.318206
1699301411.318297
1699301411.318389
1699301411.318480
1699301411.318572
1699301411.318664
1699301411.318760
1699301411.318853
1699301411.318944
1699301411.319036
1699301411.319128
1699301411.319220
1699301411.319313
1699301411.319410
1699301411.319503
1699301411.319593
1699301411.319685
1699301411.319776
1699301411.319869
1699301411.319967
1699301411.320059
1699301411.320152
1699301411.320248
1699301411.320340
1699301411.320431
1699301411.320523
1699301411.320614
1699301411.320706
1699301411.320799
1699301411.320896
1699301411.320988
1699301411.321079
1699301411.321171
1699301411.321262
1699301411.321354
1699301411.321451
1699301411.321543
1699301411.321636
1699301411.321728
1699301411.321832
1699301411.321924
1699301411.322018
1699301411.322108
1699301411.322201
1699301411.322295
1699301411.322388
1699301411.322479
1699301411.322572
1699301411.322662
1699301411.322755
1699301411.322848
1699301411.322940
1699301411.323033
1699301411.323129
1699301411.323223
1699301411.323313
1699301411.323406
1699301411.323497
1699301411.323590
1699301411.323682
1699301411.323779
1699301411.323872
1699301411.323962
1699301411.324054
1699301411.324146
1699301411.324238
1699301411.324335
1699301411.324427
1699301411.324520
1699301411.324612
1699301411.324704
1699301411.324795
1699301411.324888
1699301411.324980
1699301411.325077
1699301411.325169
