48059.0
36933.0
37143.0
36825.0
36819.0
37381.0
36990.0
36471.0
37275.0
37114.0
38442.0
37004.0
36766.0
37280.0
36966.0
36738.0
37486.0
36970.0
36598.0
36952.0
37137.0
37078.0
36830.0
37185.0
37141.0
36927.0
36593.0
37285.0
37274.0
36965.0
36710.0
36573.0
36972.0
37582.0
36897.0
37760.0
37155.0
36960.0
36842.0
37342.0
37657.0
36947.0
37218.0
36946.0
36849.0
37081.0
36961.0
37263.0
36908.0
36859.0
37789.0
37632.0
37795.0
36849.0
51733.0
40027.0
38577.0
39907.0
38604.0
38609.0
40229.0
38273.0
38117.0
37367.0
37880.0
57982.0
39521.0
35998.0
36500.0
36133.0
36499.0
39068.0
42669.0
36301.0
36824.0
36276.0
36184.0
36460.0
36472.0
36498.0
40769.0
40571.0
36321.0
59892.0
65926.0
54769.0
39154.0
36148.0
47095.0
51999.0
52167.0
52566.0
52774.0
52160.0
49633.0
51039.0
51497.0
51196.0
52632.0
53290.0
54373.0
54537.0
52952.0
49923.0
49501.0
51313.0
50624.0
49465.0
38556.0
37688.0
37370.0
38915.0
42903.0
40199.0
37489.0
37641.0
37725.0
38473.0
40470.0
39684.0
38018.0
38620.0
38375.0
36635.0
36503.0
39309.0
38417.0
38716.0
36464.0
37518.0
63610.0
44836.0
39283.0
60705.0
61986.0
54066.0
48580.0
49170.0
52729.0
52990.0
55080.0
52678.0
49389.0
49585.0
49510.0
48058.0
48362.0
55341.0
50847.0
57753.0
52493.0
49372.0
40050.0
39553.0
36859.0
40731.0
39911.0
39927.0
40091.0
39819.0
40026.0
40056.0
39770.0
44989.0
37174.0
36740.0
37860.0
39200.0
36399.0
36093.0
36467.0
36110.0
36481.0
36969.0
36578.0
36724.0
36536.0
36789.0
36498.0
36704.0
38078.0
36440.0
36444.0
36557.0
36740.0
36799.0
37518.0
36507.0
37180.0
36679.0
37975.0
38567.0
36897.0
38684.0
36954.0
38140.0
37019.0
36803.0
36111.0
36966.0
36321.0
36664.0
37206.0
36796.0
36620.0
36404.0
36408.0
37157.0
36569.0
37082.0
36810.0
36788.0
36852.0
43517.0
36743.0
36884.0
36753.0
36485.0
36752.0
37117.0
36871.0
37349.0
36692.0
36919.0
37022.0
36791.0
36472.0
36836.0
36897.0
36616.0
36816.0
36545.0
36958.0
36958.0
36774.0
36713.0
36066.0
36884.0
36210.0
37139.0
37098.0
36171.0
36450.0
36028.0
36157.0
35864.0
36254.0
36017.0
36326.0
36572.0
36391.0
36239.0
36954.0
36265.0
36647.0
36098.0
36260.0
36129.0
36357.0
36070.0
36070.0
36188.0
37998.0
36175.0
36729.0
36132.0
36472.0
35981.0
36479.0
36066.0
35758.0
36584.0
36488.0
36085.0
36662.0
36562.0
36394.0
36582.0
36121.0
36649.0
36238.0
36604.0
36378.0
36421.0
36724.0
36464.0
36258.0
36354.0
36175.0
36024.0
36350.0
36135.0
36099.0
36269.0
36573.0
36560.0
36594.0
36589.0
36315.0
36229.0
36123.0
36375.0
36007.0
36046.0
46655.0
36050.0
36545.0
36019.0
36143.0
36535.0
35925.0
36003.0
36602.0
35952.0
36491.0
36270.0
36554.0
36490.0
36374.0
36400.0
36336.0
36135.0
36138.0
36223.0
36103.0
35804.0
36041.0
35930.0
38278.0
38467.0
37189.0
37188.0
36838.0
36969.0
37261.0
37148.0
36698.0
37019.0
37281.0
37060.0
36735.0
37067.0
37146.0
36984.0
37071.0
37071.0
37270.0
36778.0
36463.0
37548.0
37725.0
36908.0
37051.0
37189.0
36819.0
37166.0
38809.0
37604.0
37681.0
37695.0
38186.0
37448.0
38657.0
37253.0
37105.0
37881.0
37077.0
36139.0
36584.0
36053.0
36015.0
36287.0
36265.0
36131.0
36831.0
36184.0
36614.0
36415.0
36170.0
36494.0
36375.0
36251.0
36019.0
41760.0
36434.0
36567.0
36840.0
37173.0
37717.0
36974.0
37064.0
37358.0
37556.0
36895.0
37169.0
37869.0
36902.0
37485.0
37433.0
36751.0
36639.0
37151.0
36376.0
36876.0
36949.0
37635.0
40561.0
36492.0
35969.0
36305.0
36261.0
36655.0
36268.0
36887.0
36809.0
36553.0
36728.0
41481.0
37744.0
37138.0
37854.0
37202.0
37726.0
36541.0
36733.0
36872.0
36643.0
37124.0
37648.0
37721.0
36173.0
36406.0
37766.0
36255.0
36803.0
36362.0
35786.0
36251.0
35959.0
36327.0
40317.0
35922.0
35922.0
36184.0
36210.0
36592.0
36113.0
36944.0
36648.0
36330.0
36063.0
36103.0
36433.0
36162.0
36129.0
36292.0
36635.0
37053.0
36329.0
36676.0
36371.0
36336.0
36177.0
36136.0
36687.0
37404.0
36774.0
36586.0
36159.0
36187.0
36301.0
36297.0
37907.0
37543.0
40061.0
36957.0
37700.0
37368.0
41293.0
56888.0
50864.0
51224.0
57695.0
57849.0
62534.0
66106.0
60476.0
51440.0
50304.0
54002.0
64572.0
56549.0
54795.0
68741.0
64313.0
50110.0
46740.0
37055.0
36920.0
38608.0
36008.0
38893.0
37052.0
38498.0
36960.0
38160.0
38281.0
37959.0
38729.0
38743.0
38041.0
38310.0
37343.0
38188.0
38248.0
38591.0
37403.0
37653.0
37537.0
37889.0
37599.0
38381.0
38088.0
58814.0
52169.0
50224.0
50558.0
50305.0
56970.0
59744.0
52148.0
52903.0
55949.0
55962.0
59246.0
65990.0
58590.0
56928.0
53168.0
50127.0
52131.0
50426.0
51963.0
61641.0
51017.0
50246.0
53265.0
52467.0
49954.0
50641.0
49024.0
48080.0
48036.0
35976.0
36440.0
36480.0
36736.0
36496.0
36556.0
36984.0
36610.0
36985.0
36574.0
36662.0
36540.0
35921.0
36388.0
36388.0
36478.0
36338.0
36272.0
36740.0
36628.0
36539.0
36353.0
52031.0
51300.0
36444.0
38530.0
37932.0
37621.0
37516.0
37611.0
38215.0
37283.0
38828.0
38203.0
38858.0
38535.0
38290.0
49674.0
53811.0
52704.0
53192.0
55810.0
49205.0
49561.0
49053.0
52482.0
52121.0
52478.0
49756.0
50408.0
48176.0
52065.0
50244.0
50979.0
51780.0
51310.0
54880.0
56735.0
51285.0
50651.0
52335.0
52090.0
53961.0
56076.0
52634.0
51940.0
51012.0
49586.0
50544.0
47547.0
39418.0
37605.0
37080.0
43512.0
36992.0
46409.0
39978.0
36429.0
36526.0
36328.0
36336.0
36482.0
36061.0
37496.0
36822.0
37016.0
42921.0
42555.0
36573.0
36244.0
36234.0
36371.0
36445.0
36481.0
43050.0
36457.0
42651.0
49685.0
48047.0
38855.0
39165.0
37891.0
38148.0
36985.0
37026.0
37061.0
37178.0
37442.0
37778.0
36806.0
36860.0
36971.0
37121.0
37024.0
36679.0
36458.0
36950.0
37289.0
36830.0
41746.0
38889.0
38579.0
38668.0
38840.0
38764.0
37231.0
38041.0
37450.0
45542.0
36977.0
36419.0
36709.0
36145.0
36746.0
37229.0
37007.0
36754.0
36716.0
36713.0
37067.0
37015.0
36837.0
36439.0
36235.0
36488.0
36635.0
36777.0
36870.0
36181.0
36683.0
36557.0
37348.0
36976.0
36897.0
37214.0
37238.0
37102.0
36658.0
36848.0
37300.0
37183.0
36740.0
36619.0
37281.0
37403.0
36864.0
36943.0
37033.0
37024.0
36974.0
37100.0
37030.0
37047.0
36985.0
36880.0
37219.0
36575.0
36319.0
36541.0
36445.0
36420.0
36439.0
37035.0
36554.0
36488.0
36451.0
36166.0
36526.0
36609.0
36342.0
36912.0
36452.0
37309.0
38242.0
37684.0
37588.0
38622.0
38110.0
41194.0
39110.0
36480.0
39095.0
38429.0
37938.0
37784.0
36254.0
36424.0
36944.0
36551.0
36958.0
36578.0
37846.0
37046.0
38422.0
40738.0
40465.0
37007.0
36895.0
37481.0
37195.0
36712.0
37052.0
37467.0
37189.0
37143.0
37172.0
37286.0
36910.0
36926.0
37307.0
36914.0
36618.0
37470.0
2574163.0
916995.0
50436.0
48108.0
37040.0
36632.0
37221.0
37080.0
36931.0
36881.0
37252.0
36908.0
36953.0
36922.0
37215.0
37224.0
36993.0
36021.0
36366.0
36533.0
37089.0
36595.0
36476.0
36370.0
36197.0
36130.0
36179.0
36033.0
35987.0
36087.0
36546.0
36440.0
36493.0
36765.0
36709.0
36308.0
36217.0
36331.0
36164.0
36487.0
36454.0
36650.0
36497.0
36501.0
36228.0
36671.0
36344.0
36182.0
35906.0
36621.0
36131.0
36668.0
36594.0
36662.0
36450.0
36324.0
36506.0
36176.0
36486.0
36000.0
36539.0
36408.0
36473.0
36874.0
36338.0
36149.0
36307.0
36142.0
36270.0
36424.0
36152.0
36648.0
36712.0
36423.0
36365.0
36416.0
36255.0
36360.0
36235.0
36141.0
36223.0
36555.0
36289.0
36770.0
36709.0
36212.0
36454.0
36254.0
36134.0
36269.0
35972.0
36314.0
36031.0
36249.0
36462.0
36491.0
36529.0
36694.0
36367.0
36273.0
36244.0
36580.0
35844.0
36760.0
36311.0
36400.0
36915.0
36944.0
36605.0
36378.0
36615.0
36816.0
40929.0
36886.0
36492.0
36746.0
37129.0
36593.0
36422.0
36835.0
37377.0
36593.0
36722.0
36684.0
36258.0
36456.0
36333.0
36135.0
36319.0
36416.0
36826.0
36744.0
36025.0
36692.0
36624.0
36171.0
36301.0
36240.0
37426.0
37036.0
45830.0
36834.0
36720.0
36611.0
36331.0
36095.0
36026.0
36564.0
36057.0
36485.0
36865.0
36283.0
36679.0
36520.0
36390.0
36343.0
36766.0
36529.0
36586.0
36279.0
36807.0
36264.0
36426.0
36968.0
36469.0
36457.0
36862.0
36585.0
36384.0
36236.0
36405.0
35938.0
36366.0
36084.0
36599.0
36764.0
36441.0
36323.0
36495.0
36386.0
36447.0
36307.0
36235.0
36089.0
36506.0
36832.0
36512.0
36704.0
36674.0
36156.0
36438.0
36420.0
36550.0
36830.0
36689.0
36599.0
36174.0
36585.0
36420.0
36564.0
36724.0
36635.0
36544.0
36442.0
36608.0
36225.0
36617.0
36834.0
36458.0
36567.0
36406.0
36588.0
36429.0
38559.0
38162.0
36898.0
40500.0
37057.0
37296.0
36548.0
36971.0
37198.0
36535.0
36592.0
37170.0
37172.0
36292.0
36378.0
36116.0
36080.0
36475.0
36346.0
36508.0
35978.0
36028.0
36753.0
36287.0
36846.0
36434.0
36580.0
36269.0
36130.0
36144.0
36240.0
36467.0
36168.0
37052.0
36589.0
36312.0
40082.0
38804.0
36480.0
36731.0
36401.0
36247.0
36263.0
36733.0
37139.0
36552.0
36399.0
36325.0
36376.0
36338.0
36239.0
36585.0
36805.0
36662.0
36496.0
36500.0
36076.0
36406.0
36427.0
36314.0
36667.0
37246.0
36417.0
36561.0
36701.0
37838.0
36759.0
36400.0
36709.0
36411.0
37438.0
38223.0
36365.0
36886.0
37072.0
37068.0
36297.0
37220.0
37702.0
36374.0
36888.0
36888.0
36566.0
37324.0
36623.0
36543.0
36517.0
36546.0
36652.0
36492.0
36619.0
36625.0
36301.0
36522.0
36091.0
36562.0
37502.0
36597.0
41018.0
38148.0
37616.0
36204.0
36506.0
36678.0
37036.0
36633.0
36701.0
36488.0
36493.0
37154.0
36162.0
37179.0
38298.0
36506.0
36594.0
36801.0
36710.0
37204.0
37117.0
36650.0
37067.0
37197.0
36897.0
37372.0
36701.0
36908.0
36793.0
37040.0
37010.0
36930.0
36544.0
37540.0
36933.0
36603.0
38461.0
36294.0
36486.0
36272.0
36515.0
36338.0
36575.0
36816.0
36484.0
36452.0
36137.0
36500.0
36279.0
36246.0
36202.0
36174.0
36374.0
36060.0
36961.0
36491.0
36144.0
36486.0
36342.0
36528.0
36282.0
36139.0
36164.0
36536.0
36119.0
36800.0
36556.0
36542.0
36292.0
36728.0
39004.0
39033.0
38362.0
38691.0
41487.0
39180.0
39637.0
39041.0
39061.0
38575.0
37806.0
40672.0
38523.0
37824.0
36872.0
36474.0
36653.0
36493.0
36809.0
36430.0
36587.0
36845.0
36470.0
36657.0
36790.0
36975.0
36321.0
36211.0
36473.0
36629.0
36675.0
47954.0
56389.0
37914.0
36219.0
36051.0
36530.0
36361.0
36361.0
36970.0
36737.0
36409.0
36398.0
36142.0
36323.0
36328.0
36155.0
36509.0
36596.0
36349.0
36696.0
37271.0
36098.0
38772.0
36792.0
36558.0
37248.0
37761.0
39120.0
38602.0
38574.0
38751.0
38747.0
38659.0
38767.0
38623.0
38451.0
38480.0
38039.0
38821.0
38804.0
38286.0
38687.0
38668.0
38377.0
38146.0
37487.0
38538.0
37439.0
38068.0
38345.0
38490.0
38442.0
38540.0
38520.0
38259.0
38569.0
38707.0
38152.0
38773.0
38444.0
38572.0
38834.0
38273.0
38582.0
38313.0
38461.0
38535.0
37970.0
38524.0
38458.0
38355.0
38646.0
38532.0
38611.0
38753.0
38216.0
38438.0
38069.0
38143.0
38449.0
38400.0
38722.0
38419.0
38340.0
37925.0
38117.0
38610.0
38144.0
38483.0
37907.0
38513.0
37648.0
38377.0
38008.0
37427.0
39832.0
38415.0
38215.0
38081.0
37371.0
37051.0
38728.0
37954.0
38261.0
37003.0
41840.0
36383.0
36787.0
36368.0
36794.0
36048.0
36227.0
36556.0
36252.0
36128.0
36455.0
36488.0
36890.0
36410.0
36546.0
36313.0
35965.0
36299.0
36377.0
36091.0
36295.0
36455.0
37083.0
36246.0
36443.0
36327.0
36248.0
36002.0
36519.0
37756.0
47846.0
48191.0
37418.0
36218.0
37315.0
36488.0
36520.0
36646.0
36614.0
36171.0
36799.0
36191.0
36842.0
36592.0
36862.0
36336.0
36099.0
36412.0
36021.0
36368.0
36393.0
36444.0
36496.0
36414.0
36960.0
36690.0
36061.0
36425.0
36305.0
36385.0
36789.0
38933.0
36748.0
36325.0
36588.0
36560.0
36498.0
36543.0
36095.0
36174.0
36450.0
36223.0
36193.0
36699.0
36703.0
36011.0
36825.0
36484.0
36639.0
36192.0
36512.0
35943.0
36550.0
36844.0
36971.0
36222.0
36230.0
36618.0
36207.0
36296.0
36778.0
36961.0
36450.0
36468.0
36492.0
36211.0
36083.0
36328.0
36414.0
36267.0
36740.0
36381.0
36708.0
36372.0
36291.0
36545.0
36041.0
36368.0
36544.0
36685.0
36635.0
36627.0
36503.0
36321.0
36218.0
36202.0
36184.0
36470.0
36737.0
36756.0
36623.0
36297.0
36391.0
36303.0
36446.0
36505.0
36492.0
36774.0
36405.0
36671.0
36444.0
36103.0
36415.0
35874.0
36597.0
36286.0
36296.0
41070.0
36674.0
36356.0
36455.0
36348.0
36279.0
36323.0
36357.0
36617.0
36352.0
36933.0
36399.0
36230.0
36302.0
36193.0
36263.0
36380.0
36214.0
36708.0
36587.0
36613.0
36353.0
36322.0
36164.0
36494.0
35836.0
36422.0
36305.0
36789.0
36775.0
36289.0
36211.0
36294.0
36425.0
36030.0
36247.0
36289.0
36102.0
36286.0
36250.0
36564.0
36635.0
36769.0
36604.0
36411.0
36264.0
36364.0
36373.0
36153.0
36330.0
36938.0
36762.0
36530.0
36162.0
36195.0
36253.0
36559.0
36261.0
36365.0
36562.0
36846.0
36639.0
36476.0
36063.0
36456.0
36438.0
37076.0
36612.0
36712.0
36847.0
36542.0
36121.0
36614.0
36799.0
37050.0
36444.0
36463.0
36435.0
36553.0
36834.0
36236.0
37090.0
36246.0
36303.0
36238.0
36189.0
36210.0
36075.0
36681.0
36457.0
36858.0
36652.0
36277.0
36568.0
36525.0
42428.0
37444.0
36259.0
36601.0
36741.0
36268.0
36685.0
36455.0
36261.0
36300.0
36741.0
36308.0
36372.0
37051.0
36374.0
36616.0
36250.0
36196.0
36400.0
36260.0
36183.0
36226.0
36773.0
36508.0
36354.0
36617.0
36486.0
35960.0
36351.0
36433.0
36173.0
36205.0
36457.0
36685.0
36870.0
36575.0
36264.0
36297.0
36415.0
36080.0
36406.0
36565.0
39054.0
36912.0
36577.0
36476.0
36647.0
36212.0
36508.0
36310.0
36125.0
36570.0
36504.0
36669.0
36856.0
36376.0
36467.0
35990.0
36353.0
36185.0
36184.0
36361.0
36508.0
36615.0
36785.0
36779.0
36359.0
36429.0
36265.0
36208.0
36286.0
36317.0
36868.0
36193.0
36987.0
36421.0
36550.0
38836.0
38088.0
37099.0
38719.0
37401.0
37404.0
38615.0
36937.0
36747.0
37080.0
37298.0
37061.0
36895.0
37313.0
37634.0
36800.0
37160.0
37221.0
36897.0
36924.0
37227.0
37409.0
36904.0
36917.0
37581.0
36927.0
36661.0
37409.0
37615.0
36921.0
37500.0
37764.0
36438.0
39598.0
39391.0
37461.0
37235.0
38829.0
39544.0
37649.0
36556.0
36459.0
36635.0
37939.0
36308.0
36146.0
37051.0
36486.0
36206.0
36613.0
36279.0
36221.0
36091.0
35841.0
36800.0
36779.0
36146.0
36814.0
36197.0
36417.0
36939.0
36705.0
36382.0
36619.0
37433.0
36402.0
36819.0
36615.0
36441.0
36877.0
36476.0
36248.0
36523.0
36054.0
36861.0
36201.0
37020.0
36443.0
36511.0
36578.0
36595.0
36217.0
36054.0
36510.0
36286.0
36942.0
36467.0
36449.0
36695.0
36632.0
36404.0
36268.0
37117.0
41250.0
36697.0
36787.0
36973.0
36602.0
36839.0
36329.0
36424.0
69719.0
36777.0
36773.0
36561.0
36348.0
36570.0
36647.0
36772.0
36830.0
36493.0
36554.0
36273.0
36389.0
36622.0
36989.0
36822.0
36594.0
36417.0
36643.0
36611.0
36976.0
36769.0
36431.0
36311.0
36477.0
36563.0
36848.0
36847.0
36795.0
36271.0
36331.0
36647.0
36673.0
37015.0
36716.0
36522.0
36632.0
36536.0
36415.0
37118.0
36796.0
36439.0
36414.0
36188.0
36193.0
36568.0
36800.0
36895.0
37306.0
36208.0
36282.0
36605.0
36291.0
36578.0
36220.0
36444.0
36284.0
36163.0
36314.0
36445.0
36294.0
36342.0
36185.0
36548.0
36237.0
36771.0
36404.0
36547.0
36493.0
36189.0
36751.0
35934.0
36617.0
36155.0
36180.0
36362.0
36395.0
36118.0
36438.0
36309.0
36240.0
36197.0
36123.0
36036.0
36482.0
35859.0
36011.0
36290.0
35779.0
36996.0
36409.0
36675.0
36292.0
36393.0
36548.0
36263.0
36240.0
36352.0
36149.0
36136.0
36561.0
36395.0
36412.0
36642.0
36455.0
36296.0
36427.0
36410.0
36134.0
36221.0
36355.0
36270.0
36642.0
36669.0
36145.0
36305.0
36298.0
35929.0
36816.0
36181.0
36159.0
36234.0
36340.0
36356.0
36908.0
36263.0
36669.0
36401.0
36803.0
36608.0
36739.0
36491.0
36672.0
36803.0
36433.0
36256.0
37092.0
39867.0
36880.0
36186.0
36607.0
37182.0
36850.0
36509.0
36550.0
36388.0
36535.0
36110.0
36429.0
36225.0
36479.0
36111.0
36042.0
36306.0
36422.0
36214.0
36227.0
36840.0
36412.0
36208.0
36521.0
36653.0
38250.0
37356.0
36228.0
36323.0
36169.0
36322.0
36148.0
36125.0
36605.0
36228.0
36789.0
36488.0
36202.0
36799.0
36080.0
36109.0
36238.0
36238.0
36132.0
37033.0
36621.0
36489.0
36570.0
36100.0
36392.0
36288.0
36930.0
36763.0
36677.0
37286.0
36063.0
36870.0
37068.0
36897.0
36629.0
36633.0
38086.0
36637.0
36730.0
36616.0
37738.0
36746.0
36522.0
36380.0
36402.0
36273.0
36529.0
36516.0
36933.0
36682.0
36405.0
36845.0
36159.0
36528.0
36747.0
38263.0
37875.0
37592.0
37097.0
39799.0
42754.0
39771.0
38537.0
36730.0
37465.0
38250.0
37196.0
36905.0
37953.0
37089.0
38775.0
37047.0
38637.0
37525.0
39089.0
39096.0
36953.0
37493.0
36724.0
37349.0
36798.0
36966.0
36960.0
37574.0
37464.0
36814.0
37087.0
37447.0
36885.0
36726.0
37662.0
37332.0
36661.0
37589.0
37145.0
36952.0
36631.0
37400.0
36726.0
36955.0
36680.0
37120.0
36929.0
36852.0
37264.0
37393.0
37331.0
36805.0
36752.0
37346.0
37187.0
39278.0
36857.0
36891.0
36886.0
37149.0
36900.0
36412.0
36728.0
37218.0
37242.0
36968.0
36869.0
36611.0
37040.0
37307.0
37589.0
37899.0
37327.0
37815.0
37355.0
37448.0
37792.0
37185.0
37477.0
38627.0
38474.0
37841.0
38036.0
37436.0
38036.0
37774.0
38473.0
37773.0
37957.0
37391.0
37297.0
38012.0
37835.0
37995.0
37398.0
37624.0
37689.0
37314.0
37842.0
37546.0
37912.0
37543.0
37710.0
37863.0
37527.0
37788.0
37613.0
39166.0
38253.0
37505.0
37446.0
38754.0
40470.0
37415.0
37767.0
37643.0
37629.0
37649.0
37381.0
37876.0
37402.0
37838.0
37516.0
37495.0
37894.0
37654.0
37752.0
37436.0
37376.0
38263.0
37047.0
37798.0
37782.0
37444.0
37762.0
37521.0
37973.0
37318.0
37985.0
37621.0
37408.0
38453.0
37893.0
37971.0
37912.0
37981.0
37869.0
37885.0
37444.0
38135.0
37143.0
37682.0
37774.0
37525.0
37825.0
37568.0
37831.0
38064.0
38079.0
37408.0
37492.0
38174.0
37427.0
37874.0
37483.0
37628.0
38478.0
36668.0
36423.0
36434.0
36879.0
36718.0
36215.0
36370.0
36103.0
36334.0
36153.0
36026.0
36129.0
36048.0
36376.0
36155.0
36636.0
36657.0
36745.0
36300.0
36522.0
36393.0
35928.0
41665.0
37074.0
37125.0
38575.0
38213.0
38494.0
38630.0
37861.0
36359.0
36325.0
37362.0
36401.0
36789.0
36744.0
36359.0
36397.0
36804.0
36572.0
37062.0
36273.0
36853.0
36402.0
36284.0
36668.0
36847.0
36846.0
36384.0
36473.0
36496.0
48383.0
48479.0
37774.0
36122.0
36407.0
36555.0
36475.0
36406.0
36937.0
36315.0
36604.0
36592.0
36286.0
36819.0
36717.0
36918.0
36505.0
36711.0
36297.0
36571.0
36747.0
36925.0
36526.0
36749.0
36529.0
36573.0
36838.0
37218.0
37147.0
37084.0
38357.0
38978.0
38625.0
39080.0
38776.0
38809.0
39000.0
38409.0
38496.0
38063.0
38870.0
38627.0
38183.0
37993.0
36970.0
36626.0
36719.0
36718.0
36657.0
36660.0
36503.0
37216.0
36573.0
36562.0
36325.0
36575.0
36818.0
36809.0
36790.0
36577.0
36597.0
39803.0
36088.0
37099.0
36614.0
36417.0
36582.0
36298.0
36241.0
36351.0
36165.0
36107.0
36268.0
36210.0
36388.0
36823.0
36213.0
36172.0
36379.0
36407.0
36531.0
36540.0
36501.0
36967.0
36803.0
36232.0
36386.0
36211.0
36162.0
36172.0
36384.0
36359.0
35935.0
36086.0
36116.0
47213.0
36979.0
38205.0
37390.0
38338.0
37795.0
38362.0
38946.0
38164.0
38913.0
38507.0
41792.0
39059.0
38220.0
36981.0
37373.0
38354.0
38651.0
39040.0
38377.0
39199.0
36776.0
36651.0
37873.0
38493.0
38550.0
38810.0
38959.0
38000.0
36147.0
36592.0
36639.0
36492.0
36886.0
36281.0
36405.0
36265.0
36452.0
36553.0
36380.0
36472.0
43687.0
48052.0
41945.0
36298.0
36201.0
36263.0
36265.0
36127.0
36849.0
36253.0
36519.0
36125.0
36550.0
36146.0
36339.0
36317.0
36204.0
36230.0
35909.0
36200.0
36279.0
36801.0
36770.0
37223.0
36038.0
36263.0
35819.0
36264.0
35878.0
35874.0
35849.0
36077.0
35907.0
35895.0
35938.0
35737.0
36111.0
35909.0
35957.0
36290.0
36362.0
36042.0
35958.0
36117.0
35740.0
36227.0
36366.0
35967.0
36068.0
36255.0
36418.0
36308.0
36702.0
36443.0
36497.0
36173.0
36924.0
36114.0
36392.0
36150.0
36475.0
37028.0
36701.0
36366.0
35939.0
36472.0
36427.0
37220.0
36517.0
36420.0
36688.0
36596.0
36017.0
37070.0
37022.0
36366.0
36496.0
36423.0
36171.0
36107.0
36287.0
35907.0
36460.0
35737.0
35825.0
36359.0
36322.0
36322.0
36360.0
36293.0
35975.0
36164.0
36920.0
36982.0
37202.0
43820.0
37105.0
38309.0
38794.0
38580.0
38584.0
38551.0
38262.0
38754.0
38650.0
38353.0
41020.0
38601.0
39074.0
38769.0
38423.0
38453.0
37421.0
36141.0
36240.0
36254.0
36430.0
36294.0
36843.0
36652.0
36345.0
36206.0
36276.0
36330.0
36260.0
36082.0
36462.0
36600.0
36747.0
36381.0
36366.0
36273.0
36387.0
36028.0
36262.0
36696.0
36543.0
36794.0
36518.0
36571.0
36534.0
36464.0
36126.0
36340.0
36488.0
36332.0
36669.0
36455.0
36449.0
36507.0
36161.0
36436.0
36333.0
36121.0
36472.0
36731.0
36661.0
36487.0
36563.0
36258.0
36327.0
36332.0
35909.0
36275.0
36144.0
36211.0
36917.0
36660.0
36656.0
36266.0
36373.0
36420.0
36029.0
36407.0
36381.0
36514.0
36647.0
36757.0
36550.0
36336.0
36118.0
36422.0
36373.0
36125.0
36669.0
36909.0
36715.0
36390.0
36285.0
36192.0
36327.0
36238.0
36573.0
37090.0
36414.0
36486.0
36520.0
36288.0
36222.0
36079.0
36144.0
36335.0
36021.0
36204.0
36359.0
36649.0
36537.0
36716.0
36430.0
36114.0
36307.0
36125.0
36262.0
35959.0
36406.0
36117.0
36311.0
36623.0
36584.0
36655.0
36251.0
36178.0
36076.0
36368.0
36322.0
36204.0
36030.0
36259.0
36501.0
36717.0
36168.0
37372.0
36848.0
36111.0
36639.0
37184.0
36671.0
36750.0
36543.0
36705.0
36010.0
36452.0
36251.0
865603.0
36174.0
36499.0
36057.0
36386.0
36284.0
36012.0
36583.0
36314.0
36996.0
36610.0
36450.0
36187.0
36332.0
36581.0
36382.0
36919.0
36496.0
36919.0
36124.0
36945.0
36183.0
36631.0
36305.0
36763.0
36451.0
36752.0
35998.0
36586.0
36302.0
36283.0
36577.0
37090.0
37242.0
37096.0
43861.0
37319.0
37948.0
40166.0
39800.0
38188.0
37359.0
38419.0
37997.0
38703.0
38799.0
40103.0
38434.0
38810.0
38421.0
38530.0
38467.0
38263.0
36211.0
36295.0
37119.0
36738.0
36749.0
36192.0
36346.0
36299.0
37132.0
36815.0
37284.0
36425.0
36415.0
36629.0
36772.0
36694.0
36666.0
36656.0
36159.0
36377.0
36930.0
36866.0
36611.0
36693.0
36484.0
36397.0
37114.0
36639.0
36956.0
36460.0
36442.0
36440.0
36623.0
36503.0
37141.0
36631.0
36550.0
36417.0
36421.0
36718.0
36780.0
36721.0
36362.0
36327.0
36605.0
36428.0
37039.0
36951.0
36620.0
36520.0
36342.0
36582.0
36389.0
36778.0
36681.0
36705.0
36486.0
36463.0
36220.0
37041.0
40976.0
37153.0
36690.0
36744.0
37240.0
36985.0
36807.0
36813.0
37104.0
36940.0
36927.0
36739.0
38062.0
36503.0
36376.0
36502.0
36625.0
36318.0
36655.0
36414.0
38462.0
36562.0
37681.0
36542.0
36849.0
36372.0
36940.0
37343.0
36731.0
36717.0
36334.0
35830.0
36896.0
36438.0
37374.0
36936.0
36038.0
36443.0
36561.0
37055.0
36651.0
36428.0
36343.0
36167.0
36260.0
36378.0
36347.0
35910.0
36627.0
36570.0
36619.0
36636.0
36602.0
36196.0
36351.0
38171.0
42511.0
36717.0
36530.0
36598.0
36703.0
36270.0
36490.0
36080.0
36225.0
36213.0
36641.0
37318.0
36519.0
36452.0
36252.0
36085.0
36570.0
36315.0
36098.0
36307.0
36981.0
36260.0
36832.0
36309.0
36257.0
36379.0
36133.0
36039.0
36191.0
36317.0
36904.0
36734.0
36643.0
36353.0
36407.0
36155.0
35924.0
36301.0
36151.0
36145.0
36564.0
36112.0
36848.0
36624.0
36343.0
36604.0
36414.0
36193.0
36009.0
36243.0
36431.0
36585.0
36721.0
36426.0
36502.0
36390.0
36253.0
36144.0
36380.0
36448.0
36491.0
36813.0
36714.0
36505.0
36301.0
36346.0
36207.0
36101.0
36400.0
36900.0
37089.0
36442.0
36355.0
36681.0
36579.0
37262.0
37181.0
36554.0
36486.0
36380.0
36513.0
41067.0
37051.0
36554.0
36229.0
36476.0
36197.0
35953.0
36290.0
36361.0
37094.0
36152.0
36587.0
36434.0
36431.0
36010.0
36214.0
36197.0
36458.0
36556.0
36605.0
36508.0
36905.0
43029.0
36594.0
36532.0
35991.0
36213.0
36350.0
36101.0
36668.0
36302.0
36913.0
36464.0
36602.0
36332.0
36362.0
36045.0
36370.0
36101.0
36610.0
36090.0
36422.0
36914.0
36508.0
36456.0
36236.0
36316.0
36087.0
36401.0
36125.0
36168.0
36119.0
36632.0
36803.0
36299.0
36708.0
36274.0
39844.0
37606.0
37349.0
37916.0
36350.0
37679.0
38242.0
38778.0
38477.0
38213.0
38678.0
38476.0
38451.0
38670.0
39256.0
38133.0
38807.0
38343.0
38676.0
38349.0
38233.0
38853.0
37720.0
38611.0
38301.0
37507.0
37593.0
37917.0
38240.0
38761.0
39484.0
41515.0
38975.0
38677.0
38536.0
38822.0
38990.0
41038.0
36307.0
39017.0
36914.0
38829.0
37919.0
38935.0
38763.0
38271.0
36139.0
36424.0
37846.0
38564.0
38880.0
37932.0
38333.0
36691.0
36710.0
36832.0
36509.0
36316.0
36127.0
36480.0
36756.0
36871.0
36746.0
36705.0
36097.0
36507.0
36140.0
36494.0
37054.0
36767.0
38000.0
37688.0
36477.0
36910.0
36363.0
36307.0
36026.0
36339.0
39955.0
36900.0
36403.0
36474.0
36798.0
36401.0
36044.0
36266.0
36186.0
36070.0
35986.0
36653.0
36479.0
36529.0
36574.0
36614.0
36150.0
36536.0
36359.0
36503.0
36904.0
37435.0
36934.0
36553.0
36814.0
37516.0
36385.0
36822.0
37651.0
36766.0
36808.0
36456.0
36080.0
36398.0
37462.0
38083.0
38959.0
37833.0
37834.0
37630.0
37592.0
37911.0
37156.0
37972.0
37560.0
37915.0
37569.0
37316.0
37715.0
37337.0
37650.0
37713.0
37443.0
37648.0
39042.0
37851.0
37525.0
37585.0
37621.0
37453.0
37784.0
37120.0
37495.0
37699.0
37245.0
37747.0
37271.0
37704.0
37587.0
37665.0
36285.0
36705.0
36424.0
36365.0
36594.0
36395.0
36132.0
36334.0
36134.0
36118.0
36389.0
36135.0
36188.0
36550.0
37010.0
36587.0
36376.0
36126.0
36503.0
36101.0
36227.0
35999.0
36213.0
36564.0
36750.0
36358.0
36442.0
36709.0
36400.0
36129.0
36076.0
36180.0
35993.0
36264.0
36035.0
36000.0
36383.0
36439.0
36767.0
36370.0
36768.0
36284.0
36391.0
36192.0
36114.0
36579.0
36355.0
36913.0
36298.0
37028.0
36224.0
36215.0
36038.0
36299.0
36264.0
36426.0
36214.0
36468.0
36850.0
36492.0
36467.0
36250.0
36245.0
36296.0
37082.0
53306.0
41491.0
37962.0
37181.0
36819.0
37285.0
36737.0
36435.0
36325.0
36474.0
36623.0
36485.0
36173.0
36791.0
36841.0
36454.0
36612.0
36562.0
36238.0
36412.0
37805.0
36887.0
36377.0
36897.0
36549.0
37514.0
36744.0
36765.0
36763.0
37265.0
37208.0
36613.0
36538.0
36892.0
37318.0
36861.0
36412.0
36975.0
37277.0
36816.0
36857.0
36727.0
37313.0
36781.0
37066.0
36718.0
36696.0
36968.0
37062.0
36781.0
37255.0
37241.0
37316.0
36605.0
36839.0
37407.0
36963.0
37141.0
36959.0
36719.0
37459.0
37257.0
37912.0
36719.0
36599.0
37021.0
37251.0
37054.0
36910.0
37838.0
37378.0
37280.0
37144.0
36901.0
36506.0
36607.0
36466.0
36669.0
36871.0
36988.0
36535.0
36437.0
36548.0
36800.0
37133.0
36920.0
36423.0
36394.0
38303.0
39787.0
38052.0
38530.0
38261.0
38268.0
38004.0
38536.0
38432.0
38065.0
38466.0
38760.0
38049.0
38499.0
37911.0
38218.0
38010.0
38630.0
38147.0
38239.0
38360.0
37824.0
36345.0
36506.0
36647.0
36672.0
36569.0
36795.0
36383.0
36740.0
36327.0
36699.0
36738.0
36558.0
36555.0
36359.0
35893.0
36510.0
36375.0
35829.0
36346.0
36499.0
38547.0
37296.0
37737.0
37923.0
37384.0
37969.0
41179.0
38367.0
37471.0
38689.0
37567.0
38306.0
37462.0
38343.0
38870.0
36405.0
39805.0
38735.0
36484.0
36824.0
36448.0
36691.0
36353.0
36341.0
36407.0
36446.0
37053.0
36378.0
36678.0
36325.0
36455.0
36294.0
36606.0
36702.0
36504.0
36720.0
36552.0
36511.0
36006.0
36129.0
36310.0
36318.0
36824.0
36735.0
36485.0
36478.0
36485.0
36349.0
36174.0
36031.0
36532.0
36595.0
36549.0
36646.0
36366.0
36412.0
36116.0
36026.0
36493.0
35932.0
36103.0
36206.0
36530.0
36183.0
36649.0
36936.0
36432.0
36615.0
36053.0
36285.0
36547.0
36131.0
36052.0
36682.0
36545.0
36168.0
36825.0
36385.0
38300.0
36772.0
36747.0
36100.0
36592.0
36646.0
37005.0
36481.0
36457.0
36915.0
36320.0
36276.0
36467.0
36384.0
36492.0
36155.0
38533.0
36447.0
36641.0
36574.0
37129.0
37398.0
37188.0
37208.0
36615.0
36481.0
36322.0
36098.0
36736.0
37344.0
36662.0
36642.0
36266.0
36339.0
35837.0
36363.0
36191.0
35977.0
36626.0
36263.0
36376.0
36635.0
36564.0
36323.0
36594.0
36529.0
36393.0
36102.0
36265.0
37832.0
39553.0
37165.0
36104.0
36602.0
36484.0
36474.0
36817.0
36281.0
36753.0
36244.0
36545.0
36464.0
35936.0
36398.0
36471.0
50028.0
37603.0
36102.0
36355.0
36677.0
36910.0
36442.0
36440.0
36202.0
36166.0
36264.0
36281.0
35831.0
36185.0
36370.0
36419.0
36653.0
36492.0
36244.0
36511.0
36707.0
36261.0
37067.0
36933.0
36663.0
36518.0
36410.0
36044.0
36307.0
36721.0
36636.0
36744.0
36943.0
36546.0
36565.0
36208.0
36778.0
36749.0
37027.0
36359.0
36566.0
36409.0
36951.0
36979.0
36859.0
36516.0
37056.0
36912.0
37110.0
36570.0
36485.0
36894.0
37287.0
37122.0
36391.0
37923.0
37464.0
37202.0
37340.0
37221.0
37258.0
37122.0
37160.0
37032.0
36888.0
37155.0
37008.0
37187.0
37302.0
36968.0
37091.0
37202.0
37095.0
37591.0
37296.0
38748.0
38346.0
36927.0
36828.0
36742.0
36436.0
36280.0
36543.0
37040.0
36760.0
36477.0
36628.0
36590.0
38604.0
36683.0
36326.0
36402.0
36657.0
36949.0
36985.0
36627.0
36572.0
36881.0
36774.0
36860.0
36723.0
36420.0
36870.0
37146.0
37003.0
36718.0
36608.0
36652.0
36747.0
37089.0
36806.0
36362.0
36405.0
36990.0
37097.0
36782.0
36689.0
36682.0
36349.0
38009.0
39316.0
37344.0
38876.0
38574.0
36843.0
37153.0
36999.0
38211.0
37230.0
36550.0
36971.0
37249.0
37344.0
37510.0
37260.0
37118.0
41784.0
37090.0
36778.0
36239.0
36797.0
36649.0
36649.0
37333.0
36569.0
36855.0
37022.0
37110.0
36900.0
36722.0
36365.0
37016.0
37020.0
40564.0
37980.0
37466.0
37210.0
36689.0
37070.0
37291.0
36981.0
36699.0
36885.0
37391.0
44640.0
49073.0
42571.0
37108.0
36907.0
37317.0
37008.0
37074.0
36088.0
36468.0
36528.0
36832.0
36856.0
36763.0
36484.0
36495.0
36672.0
36451.0
36791.0
36967.0
36603.0
39732.0
39095.0
36859.0
39738.0
39737.0
39306.0
38541.0
39118.0
38153.0
38431.0
36955.0
39013.0
38421.0
37114.0
39201.0
38679.0
37246.0
36496.0
36778.0
39675.0
39448.0
39588.0
38648.0
36241.0
36515.0
36283.0
36336.0
36078.0
35959.0
35991.0
36141.0
36523.0
37185.0
36734.0
36404.0
36364.0
36409.0
36130.0
36178.0
35987.0
36069.0
36124.0
35968.0
36319.0
36148.0
35828.0
36528.0
37162.0
38166.0
36719.0
37954.0
36546.0
36127.0
36643.0
35970.0
36557.0
37616.0
36573.0
36692.0
36536.0
36473.0
36413.0
36638.0
36969.0
36756.0
36701.0
36461.0
36687.0
36839.0
36884.0
36758.0
36527.0
36204.0
36185.0
36337.0
36484.0
36859.0
36737.0
36374.0
36523.0
36274.0
36367.0
36535.0
36517.0
36710.0
36744.0
41044.0
36322.0
36359.0
36388.0
36813.0
37031.0
36672.0
36281.0
36495.0
36602.0
36980.0
36884.0
36640.0
36478.0
36202.0
36567.0
36474.0
37355.0
36987.0
36491.0
36142.0
36985.0
36929.0
37059.0
37261.0
36499.0
36738.0
37349.0
36959.0
36517.0
37609.0
37000.0
36514.0
36025.0
36590.0
36289.0
36460.0
36612.0
36749.0
36647.0
36712.0
36447.0
36200.0
36535.0
36627.0
36928.0
36552.0
36814.0
39229.0
40771.0
38691.0
38502.0
38696.0
38473.0
37580.0
35952.0
36522.0
36032.0
36099.0
37876.0
36429.0
36164.0
36775.0
36081.0
36416.0
36158.0
36087.0
36539.0
36730.0
36644.0
36243.0
36596.0
35872.0
36609.0
35996.0
36753.0
36190.0
36120.0
36341.0
36239.0
36461.0
36535.0
37222.0
36386.0
36356.0
36117.0
36219.0
35852.0
36174.0
36466.0
36413.0
36592.0
36288.0
36654.0
36315.0
36314.0
36184.0
36203.0
36191.0
36249.0
35788.0
36076.0
36415.0
36455.0
36355.0
36402.0
36503.0
36720.0
36664.0
36367.0
36544.0
36301.0
36310.0
36287.0
36581.0
36529.0
36329.0
36499.0
36257.0
36231.0
36056.0
36159.0
36197.0
36051.0
36247.0
36349.0
36338.0
36242.0
36948.0
36530.0
36365.0
36390.0
36072.0
36055.0
36403.0
36019.0
36081.0
70613.0
37519.0
35996.0
36614.0
36917.0
37102.0
36827.0
36919.0
36706.0
37358.0
36637.0
36833.0
37547.0
37007.0
36808.0
36673.0
36568.0
37053.0
37366.0
36832.0
36765.0
36971.0
36702.0
36885.0
36688.0
36899.0
37163.0
36917.0
36974.0
36817.0
36897.0
37045.0
36459.0
36369.0
36331.0
37832.0
37691.0
37213.0
38105.0
37159.0
37967.0
37515.0
37668.0
37784.0
37227.0
37496.0
37645.0
38468.0
37870.0
37600.0
37792.0
37375.0
38367.0
37154.0
38373.0
37268.0
37675.0
37590.0
37542.0
39006.0
37678.0
37751.0
37564.0
37655.0
37492.0
37100.0
37980.0
37228.0
37543.0
37636.0
37211.0
38051.0
37319.0
37370.0
37759.0
37230.0
37752.0
38002.0
37330.0
37839.0
42217.0
37112.0
36621.0
36445.0
36324.0
36350.0
36521.0
36449.0
36640.0
36526.0
36612.0
36810.0
36217.0
36814.0
36229.0
36563.0
36596.0
36703.0
36576.0
36269.0
36403.0
36288.0
36261.0
36610.0
36731.0
36737.0
36351.0
36293.0
36437.0
36620.0
36275.0
36383.0
36374.0
36644.0
36557.0
36273.0
37127.0
36015.0
36399.0
36337.0
36725.0
36880.0
36582.0
36424.0
36416.0
36158.0
36354.0
36245.0
36045.0
36645.0
36498.0
36564.0
36536.0
36500.0
36424.0
40682.0
35858.0
36205.0
36146.0
36414.0
36221.0
36626.0
36619.0
36291.0
36588.0
36084.0
36275.0
36145.0
36233.0
36226.0
36110.0
36228.0
36125.0
36077.0
37957.0
40337.0
40394.0
36746.0
36235.0
36383.0
36137.0
36779.0
36394.0
36589.0
36454.0
36423.0
36393.0
36107.0
35997.0
36022.0
36253.0
36386.0
36541.0
36396.0
36681.0
36372.0
36492.0
36227.0
36299.0
36173.0
36186.0
36407.0
36303.0
36268.0
36607.0
36577.0
36515.0
36246.0
36213.0
36270.0
36458.0
36195.0
36237.0
36150.0
36614.0
36695.0
36469.0
36384.0
36359.0
36266.0
36365.0
36156.0
36076.0
36353.0
36227.0
36347.0
36234.0
36761.0
36504.0
36419.0
36355.0
36693.0
37358.0
39984.0
39964.0
37431.0
36690.0
37038.0
35956.0
36385.0
35728.0
36797.0
36889.0
36974.0
36709.0
36288.0
35816.0
36099.0
36259.0
37369.0
36340.0
36128.0
36459.0
36429.0
36105.0
36196.0
36079.0
36418.0
35999.0
36242.0
36074.0
35897.0
35924.0
36100.0
36381.0
36075.0
35825.0
36218.0
35965.0
36830.0
36459.0
46001.0
36401.0
35786.0
36687.0
35865.0
35906.0
35845.0
36145.0
35954.0
36319.0
36334.0
35917.0
36218.0
36487.0
36334.0
36367.0
36125.0
36022.0
36684.0
35872.0
36296.0
38416.0
36436.0
36404.0
36598.0
36523.0
36577.0
36557.0
36637.0
36933.0
36689.0
36291.0
36234.0
36173.0
36395.0
36597.0
36672.0
36735.0
36537.0
36441.0
36281.0
36434.0
36728.0
36999.0
36599.0
37003.0
36646.0
37158.0
37330.0
36825.0
37280.0
37058.0
37081.0
36602.0
36573.0
36648.0
37209.0
36898.0
36600.0
36761.0
36821.0
37221.0
36909.0
36721.0
36867.0
36726.0
37417.0
36963.0
36740.0
37074.0
37078.0
36806.0
36710.0
36763.0
37084.0
37121.0
36691.0
36718.0
36940.0
36922.0
36947.0
36742.0
36709.0
36668.0
37251.0
36830.0
36634.0
36392.0
36925.0
36728.0
36481.0
36495.0
36431.0
36344.0
36089.0
36386.0
36119.0
36381.0
36417.0
36558.0
36677.0
36407.0
36481.0
36432.0
36201.0
36378.0
36109.0
36438.0
36369.0
36406.0
36467.0
36861.0
36318.0
36506.0
36433.0
36074.0
36169.0
36330.0
36586.0
36411.0
36678.0
36613.0
36123.0
36372.0
36205.0
36432.0
36270.0
35873.0
36390.0
36547.0
36195.0
36838.0
36404.0
36505.0
36364.0
36216.0
36601.0
36678.0
37163.0
36470.0
36692.0
36899.0
37011.0
37393.0
36886.0
36405.0
36722.0
36075.0
36733.0
37212.0
36517.0
36488.0
36143.0
36361.0
36206.0
36113.0
36091.0
36373.0
85124.0
36989.0
36522.0
36476.0
36409.0
38535.0
42821.0
37247.0
37081.0
39224.0
39256.0
40306.0
36545.0
36705.0
36854.0
39309.0
36887.0
37070.0
36998.0
36716.0
36684.0
37150.0
36898.0
36559.0
36791.0
36622.0
37201.0
36876.0
36953.0
36159.0
36179.0
38821.0
38977.0
38542.0
38835.0
39086.0
38439.0
37497.0
37820.0
37005.0
36827.0
38227.0
36155.0
35992.0
39362.0
40101.0
38859.0
36430.0
36257.0
36419.0
36278.0
35985.0
36019.0
36195.0
36167.0
36084.0
35969.0
36588.0
36391.0
36761.0
36660.0
36426.0
36137.0
36293.0
35874.0
36544.0
36034.0
36464.0
36075.0
36540.0
36650.0
36581.0
36435.0
36357.0
36148.0
36149.0
36106.0
36753.0
36078.0
37151.0
36520.0
36561.0
36482.0
36463.0
36297.0
36064.0
36380.0
36176.0
36434.0
36367.0
36594.0
36643.0
36424.0
36112.0
36434.0
36049.0
36194.0
36000.0
36057.0
38719.0
40392.0
40314.0
36451.0
36323.0
36206.0
36069.0
36333.0
36497.0
36745.0
36128.0
37329.0
36327.0
36279.0
39793.0
40237.0
38797.0
36293.0
36220.0
36259.0
35937.0
36446.0
36096.0
36360.0
36157.0
36255.0
36142.0
36828.0
36141.0
36512.0
36356.0
36400.0
36234.0
35966.0
36667.0
35950.0
41251.0
36633.0
37382.0
40442.0
40361.0
37668.0
36382.0
36588.0
36548.0
36234.0
36519.0
36441.0
37348.0
36937.0
36430.0
36934.0
36345.0
36228.0
37570.0
36741.0
36168.0
36433.0
36359.0
36409.0
37770.0
36763.0
36490.0
36442.0
36503.0
35963.0
36107.0
36457.0
36082.0
36867.0
36589.0
36574.0
36628.0
36216.0
36574.0
36000.0
36467.0
36214.0
36530.0
36756.0
36929.0
41682.0
37468.0
36833.0
36370.0
36140.0
36500.0
36202.0
36213.0
36174.0
36174.0
36988.0
37041.0
36498.0
36252.0
36768.0
36549.0
36687.0
37187.0
36438.0
36589.0
36375.0
36610.0
37078.0
36510.0
36199.0
36486.0
36455.0
36297.0
36545.0
36719.0
36604.0
37178.0
36714.0
36730.0
37262.0
37129.0
36936.0
36870.0
36953.0
36882.0
36847.0
36590.0
36695.0
37334.0
36680.0
36755.0
36239.0
36751.0
36435.0
37134.0
37022.0
36492.0
36727.0
36137.0
36157.0
36197.0
36418.0
36495.0
36591.0
36578.0
36529.0
36285.0
36280.0
36195.0
36307.0
36492.0
36160.0
36813.0
36289.0
36439.0
36198.0
36421.0
37448.0
37547.0
36551.0
36573.0
36589.0
36236.0
36303.0
37663.0
36492.0
36506.0
36345.0
36269.0
36548.0
37103.0
36670.0
36577.0
36296.0
36509.0
36155.0
36370.0
38810.0
36479.0
36284.0
35877.0
36380.0
36040.0
36159.0
36373.0
35917.0
36678.0
36771.0
36664.0
36513.0
36382.0
43635.0
36303.0
36349.0
36267.0
36204.0
36269.0
36124.0
36473.0
36806.0
36294.0
36474.0
36580.0
36542.0
36472.0
36049.0
36473.0
36410.0
36737.0
36328.0
36934.0
36157.0
36429.0
36287.0
36162.0
36174.0
36468.0
36623.0
36218.0
36573.0
36720.0
36284.0
36726.0
37876.0
37902.0
36532.0
36062.0
36173.0
36290.0
37160.0
37015.0
36707.0
36476.0
36930.0
38811.0
36179.0
38380.0
36693.0
38260.0
43653.0
38593.0
40588.0
44517.0
37169.0
36596.0
36729.0
36961.0
36447.0
38820.0
40322.0
40856.0
37159.0
36694.0
37528.0
36355.0
36891.0
36602.0
36781.0
36562.0
38671.0
40608.0
40501.0
40662.0
40304.0
40771.0
40515.0
39984.0
36844.0
36474.0
36486.0
36310.0
36314.0
38228.0
39764.0
40265.0
36476.0
36361.0
36018.0
36126.0
36065.0
36538.0
35877.0
36055.0
35920.0
36090.0
36019.0
35947.0
36086.0
36238.0
36286.0
36309.0
35936.0
36087.0
36434.0
38141.0
40207.0
40193.0
36928.0
35972.0
36804.0
36346.0
36732.0
36327.0
36840.0
36087.0
36353.0
36108.0
36149.0
36415.0
36073.0
36340.0
36414.0
71010.0
36799.0
37340.0
37628.0
38817.0
36644.0
35997.0
36199.0
36205.0
36157.0
36227.0
36172.0
36543.0
36546.0
36583.0
35948.0
36756.0
36740.0
36074.0
36691.0
36816.0
36996.0
36508.0
36449.0
36513.0
38870.0
40361.0
40736.0
36944.0
36472.0
36081.0
36951.0
36644.0
36061.0
36540.0
36195.0
36353.0
36387.0
36447.0
36794.0
36813.0
36451.0
36451.0
36319.0
36314.0
36770.0
38446.0
36542.0
36249.0
36472.0
36630.0
36415.0
36852.0
36804.0
36301.0
36649.0
36450.0
36917.0
37337.0
37042.0
36752.0
37936.0
37551.0
36510.0
36433.0
36465.0
36991.0
36515.0
36482.0
36429.0
36366.0
36541.0
36359.0
36317.0
37041.0
36628.0
36268.0
36654.0
36797.0
36601.0
36563.0
36643.0
36703.0
36446.0
36509.0
36520.0
36476.0
37142.0
36588.0
36498.0
36371.0
36107.0
36490.0
36440.0
36527.0
36921.0
36433.0
36777.0
36708.0
36718.0
40775.0
40544.0
37985.0
36356.0
36338.0
36474.0
37139.0
36689.0
36407.0
36335.0
36427.0
36254.0
36197.0
37104.0
36609.0
36660.0
36385.0
37481.0
38396.0
36875.0
36905.0
37074.0
36910.0
36667.0
36599.0
36537.0
36866.0
37116.0
36558.0
36429.0
36787.0
36920.0
36722.0
36880.0
36654.0
40494.0
37061.0
36436.0
36318.0
36510.0
37021.0
36192.0
36240.0
38280.0
40086.0
40266.0
36652.0
36628.0
36042.0
36167.0
35966.0
36060.0
35967.0
36098.0
36357.0
36391.0
35955.0
36946.0
36399.0
36358.0
36514.0
36300.0
36402.0
36112.0
36325.0
36448.0
36237.0
36345.0
36654.0
36662.0
36448.0
36219.0
36286.0
36212.0
36254.0
35893.0
36048.0
36235.0
36394.0
35962.0
36398.0
37001.0
36543.0
36941.0
35941.0
36215.0
36380.0
36434.0
35864.0
37460.0
38289.0
40331.0
40443.0
36782.0
37552.0
36996.0
36420.0
36323.0
36434.0
36357.0
36508.0
36207.0
36525.0
36507.0
36266.0
36141.0
36400.0
40533.0
40124.0
38353.0
35921.0
36322.0
36480.0
44066.0
37043.0
36491.0
36592.0
38294.0
40205.0
40237.0
36873.0
36202.0
36858.0
36419.0
36286.0
36523.0
36270.0
36400.0
36735.0
36574.0
37405.0
36066.0
36149.0
36077.0
37393.0
36987.0
39478.0
36522.0
38091.0
36428.0
36491.0
36974.0
37456.0
36436.0
37853.0
37566.0
36278.0
36236.0
36098.0
36119.0
36501.0
36325.0
36985.0
36559.0
36635.0
36694.0
36332.0
36434.0
38102.0
40590.0
41456.0
37944.0
36184.0
36327.0
36354.0
36265.0
36549.0
36401.0
36431.0
36717.0
36335.0
52723.0
40669.0
40435.0
37529.0
36272.0
36625.0
40141.0
40160.0
39035.0
36469.0
36528.0
36081.0
36642.0
36313.0
36270.0
36138.0
37667.0
36490.0
36496.0
36230.0
36364.0
36427.0
38870.0
40348.0
41602.0
48273.0
47616.0
35944.0
36676.0
36652.0
36128.0
36870.0
36389.0
35941.0
36737.0
36233.0
36511.0
36228.0
36306.0
36589.0
36614.0
36832.0
36315.0
36111.0
36237.0
36071.0
36045.0
36377.0
36057.0
39446.0
40059.0
39735.0
36172.0
36107.0
36467.0
36260.0
36221.0
36905.0
36312.0
36704.0
36397.0
36026.0
36261.0
37811.0
36768.0
36516.0
36269.0
36587.0
36175.0
36056.0
36367.0
36297.0
36040.0
36562.0
36401.0
36582.0
36812.0
37012.0
36125.0
36524.0
37220.0
36529.0
36575.0
37025.0
37068.0
37169.0
36456.0
36216.0
36817.0
36447.0
36479.0
36096.0
37069.0
36526.0
36707.0
36326.0
36311.0
36323.0
36019.0
36205.0
36180.0
36361.0
36530.0
36897.0
36406.0
36338.0
36423.0
36341.0
36496.0
36477.0
44015.0
38347.0
36612.0
36490.0
36159.0
39744.0
40145.0
39478.0
36420.0
36421.0
36507.0
36850.0
36629.0
36353.0
36772.0
36105.0
36508.0
36356.0
37123.0
40428.0
40180.0
39760.0
36461.0
36353.0
36707.0
62199.0
36396.0
36348.0
36370.0
36224.0
36568.0
36174.0
36469.0
36539.0
36303.0
36508.0
36838.0
36369.0
36531.0
36235.0
36079.0
36245.0
36202.0
36055.0
36457.0
35953.0
36545.0
36655.0
36278.0
36735.0
36638.0
36295.0
36166.0
36101.0
36005.0
36400.0
36110.0
36838.0
36766.0
36714.0
36438.0
36173.0
36132.0
36426.0
36399.0
40419.0
40211.0
38622.0
36305.0
36169.0
36486.0
36332.0
36311.0
36620.0
36721.0
36622.0
36081.0
36480.0
36210.0
36001.0
36182.0
36069.0
36409.0
36487.0
36529.0
36629.0
36531.0
36299.0
36370.0
36139.0
36241.0
36149.0
36229.0
36683.0
36301.0
36598.0
36427.0
36271.0
36503.0
36380.0
36316.0
35947.0
37566.0
36595.0
36416.0
36564.0
36507.0
36368.0
36222.0
36284.0
36107.0
36214.0
36074.0
36439.0
36676.0
36403.0
36451.0
36196.0
36542.0
36296.0
36307.0
36251.0
36240.0
36147.0
36666.0
36481.0
36371.0
36550.0
36430.0
36492.0
36256.0
36277.0
36254.0
36144.0
36071.0
36297.0
37101.0
36710.0
36315.0
36552.0
36439.0
36234.0
36480.0
37553.0
36261.0
36711.0
35996.0
36924.0
36225.0
36912.0
36829.0
36703.0
36396.0
36507.0
36066.0
36255.0
36095.0
36278.0
36248.0
36333.0
36250.0
36318.0
1748265.0
36367.0
36613.0
36440.0
36117.0
35842.0
36458.0
36428.0
36005.0
36073.0
36294.0
36163.0
36227.0
36559.0
36838.0
36337.0
36580.0
36316.0
36336.0
36013.0
36467.0
36310.0
36693.0
36633.0
36467.0
36401.0
36351.0
36383.0
36210.0
36114.0
36598.0
36486.0
36401.0
36636.0
36311.0
36325.0
36446.0
36418.0
36164.0
36180.0
36308.0
36188.0
36749.0
36613.0
36458.0
36555.0
36702.0
35948.0
36247.0
36055.0
36224.0
36440.0
36201.0
36285.0
36398.0
36496.0
36551.0
36394.0
36351.0
36243.0
36304.0
36166.0
36184.0
36361.0
36048.0
36292.0
36170.0
36277.0
36350.0
36836.0
36433.0
36402.0
36068.0
36396.0
36423.0
36172.0
36056.0
36065.0
36476.0
36987.0
36574.0
36277.0
36368.0
36617.0
36009.0
36292.0
36355.0
36523.0
36689.0
36932.0
36253.0
40856.0
36497.0
36408.0
37678.0
36589.0
35968.0
36359.0
35834.0
37520.0
36292.0
36353.0
36712.0
36430.0
36506.0
36872.0
36703.0
36419.0
36635.0
36709.0
36422.0
37003.0
37490.0
36498.0
36791.0
36614.0
36647.0
36025.0
36338.0
36294.0
36132.0
36251.0
35989.0
36506.0
36024.0
36725.0
36477.0
36580.0
36612.0
36321.0
36432.0
36330.0
36735.0
41277.0
36473.0
36942.0
38594.0
37253.0
36500.0
36322.0
36564.0
37012.0
36496.0
36496.0
36664.0
36372.0
36519.0
36636.0
36431.0
36860.0
36582.0
36183.0
36576.0
36232.0
36548.0
36535.0
36311.0
38436.0
37071.0
36957.0
38618.0
39688.0
39914.0
38697.0
36526.0
36491.0
36368.0
36446.0
36902.0
36856.0
36716.0
36562.0
36192.0
36554.0
36496.0
36918.0
36624.0
36800.0
36434.0
36307.0
36378.0
36554.0
36828.0
36353.0
36817.0
36464.0
36310.0
36480.0
36257.0
37059.0
36772.0
36552.0
36548.0
36310.0
36563.0
36418.0
36468.0
36899.0
36700.0
36608.0
36336.0
36608.0
36112.0
36411.0
36643.0
36873.0
36777.0
36397.0
36417.0
36146.0
36684.0
36518.0
37168.0
36612.0
36390.0
36438.0
36470.0
36027.0
36549.0
36163.0
36639.0
36733.0
36327.0
36454.0
35952.0
36304.0
36274.0
36124.0
40732.0
36335.0
36922.0
36430.0
36611.0
36483.0
35939.0
36080.0
36325.0
38905.0
40165.0
40233.0
36228.0
36233.0
36310.0
36399.0
36536.0
36163.0
36738.0
36638.0
36606.0
36430.0
36121.0
36242.0
36474.0
36174.0
36257.0
36386.0
36798.0
36262.0
36463.0
39053.0
40238.0
39823.0
36321.0
36367.0
36465.0
36159.0
36887.0
37176.0
35884.0
39020.0
38513.0
37963.0
38327.0
38297.0
38589.0
38850.0
38061.0
39113.0
37531.0
37979.0
36158.0
36490.0
36587.0
36482.0
37070.0
36615.0
40022.0
40476.0
39723.0
36747.0
36726.0
37498.0
37323.0
38179.0
38015.0
38549.0
37820.0
38579.0
38492.0
37982.0
37225.0
50843.0
37151.0
36431.0
36630.0
36766.0
38512.0
38102.0
38003.0
38088.0
36832.0
39335.0
40888.0
40220.0
41588.0
44278.0
43991.0
39281.0
38309.0
38393.0
38041.0
38368.0
38144.0
38491.0
38190.0
41438.0
41725.0
40377.0
38307.0
37604.0
36158.0
36750.0
36632.0
36609.0
35970.0
36937.0
36201.0
36458.0
36072.0
36465.0
36470.0
38458.0
40639.0
40542.0
36010.0
36877.0
36347.0
36582.0
36127.0
38473.0
39984.0
40353.0
36879.0
36400.0
36142.0
36413.0
36059.0
36416.0
36155.0
36241.0
36250.0
36188.0
36047.0
39774.0
40261.0
38996.0
36788.0
36163.0
36679.0
36521.0
36693.0
36398.0
36486.0
36028.0
36257.0
35986.0
36473.0
36183.0
36385.0
36356.0
36183.0
36782.0
36647.0
35968.0
36444.0
36382.0
46586.0
47911.0
39196.0
36616.0
36243.0
36837.0
36324.0
36204.0
36206.0
37546.0
39969.0
40490.0
36835.0
36588.0
36287.0
36197.0
36070.0
36266.0
36134.0
36182.0
36192.0
36005.0
36007.0
36349.0
36503.0
36742.0
36401.0
36416.0
36427.0
36018.0
36181.0
35937.0
36255.0
36394.0
36323.0
35880.0
36304.0
39542.0
40195.0
39528.0
36158.0
36096.0
36087.0
36455.0
36172.0
36548.0
36297.0
36720.0
39878.0
40919.0
39061.0
36852.0
36806.0
36918.0
37486.0
37224.0
36619.0
36780.0
37000.0
36785.0
36810.0
36998.0
36165.0
40747.0
37316.0
36874.0
36269.0
35896.0
35913.0
36222.0
36223.0
36112.0
36104.0
35951.0
36460.0
36315.0
36681.0
36337.0
36386.0
36457.0
36581.0
36781.0
39118.0
36496.0
36453.0
36443.0
36554.0
36321.0
36501.0
36538.0
36422.0
36538.0
36189.0
36581.0
37637.0
40383.0
40332.0
36922.0
36677.0
36137.0
37524.0
37284.0
37715.0
40251.0
40757.0
38361.0
38516.0
38105.0
38207.0
37955.0
37950.0
37711.0
38120.0
38024.0
38237.0
38155.0
38018.0
38541.0
38081.0
38382.0
37947.0
41622.0
42075.0
39845.0
38017.0
37717.0
38006.0
38298.0
38065.0
37945.0
38246.0
37785.0
38157.0
37895.0
38488.0
37766.0
47839.0
50062.0
40726.0
38260.0
37936.0
40649.0
42036.0
41830.0
36554.0
37041.0
37051.0
36960.0
36804.0
36460.0
36668.0
37139.0
36840.0
36864.0
36441.0
36897.0
36722.0
37069.0
36761.0
36739.0
36740.0
36978.0
36845.0
37056.0
36865.0
37080.0
36678.0
37186.0
37108.0
37104.0
36805.0
36516.0
36448.0
36389.0
37664.0
37406.0
37546.0
37441.0
37749.0
37618.0
37521.0
37447.0
37799.0
37183.0
37627.0
37674.0
37160.0
37622.0
37410.0
37263.0
40534.0
41629.0
40511.0
37281.0
37567.0
37349.0
41808.0
37446.0
37690.0
37856.0
36936.0
36682.0
37623.0
37571.0
38682.0
38602.0
38156.0
37945.0
39919.0
43023.0
40821.0
36715.0
36496.0
36779.0
38314.0
38117.0
37773.0
37903.0
37988.0
38239.0
38208.0
39164.0
43114.0
41698.0
39367.0
39293.0
37975.0
36904.0
36913.0
38636.0
41802.0
40759.0
37413.0
36993.0
36750.0
36664.0
37093.0
37100.0
36925.0
37221.0
39944.0
40603.0
39688.0
37439.0
36961.0
36826.0
45161.0
37188.0
36743.0
36700.0
38039.0
40612.0
40765.0
40928.0
41010.0
39315.0
36657.0
37141.0
38799.0
40882.0
40533.0
36901.0
36583.0
36761.0
37065.0
37080.0
36863.0
36732.0
36828.0
39773.0
40909.0
38794.0
36686.0
36925.0
36418.0
36507.0
36439.0
36047.0
36434.0
36892.0
37503.0
36963.0
36890.0
37418.0
36614.0
38511.0
40911.0
40879.0
36600.0
37066.0
37612.0
40757.0
41239.0
36740.0
35901.0
36495.0
36933.0
35963.0
36806.0
40051.0
39735.0
37719.0
36282.0
36018.0
36384.0
36162.0
36748.0
36206.0
36530.0
36208.0
36286.0
36112.0
36008.0
36168.0
36584.0
36348.0
36546.0
36402.0
36660.0
36728.0
36633.0
36290.0
36716.0
36577.0
36467.0
36871.0
36331.0
36481.0
49515.0
37406.0
36640.0
36577.0
36091.0
36196.0
36131.0
36458.0
37046.0
36398.0
36837.0
36600.0
36639.0
36250.0
35975.0
35890.0
36354.0
36687.0
36797.0
36520.0
36729.0
36628.0
36121.0
36243.0
35944.0
36347.0
36461.0
36517.0
38990.0
40521.0
40187.0
36445.0
36782.0
36789.0
36452.0
36718.0
36347.0
36716.0
37174.0
36856.0
36211.0
36255.0
36342.0
36327.0
36306.0
36639.0
37022.0
37048.0
38164.0
38652.0
38686.0
36453.0
37042.0
35986.0
36273.0
37907.0
40612.0
40694.0
38383.0
36972.0
36503.0
36361.0
36225.0
36867.0
40408.0
40322.0
37402.0
36219.0
36122.0
36548.0
35802.0
36547.0
36155.0
36042.0
36334.0
36193.0
37007.0
36262.0
36507.0
36753.0
36377.0
36031.0
36232.0
36238.0
36483.0
44387.0
36512.0
36316.0
37007.0
36465.0
36474.0
36665.0
36410.0
37390.0
40138.0
40546.0
40246.0
40450.0
39682.0
36405.0
36098.0
36330.0
36113.0
36265.0
36895.0
36795.0
36424.0
36588.0
36092.0
36327.0
36269.0
36201.0
36055.0
36407.0
36475.0
36295.0
36651.0
36511.0
36806.0
36266.0
36476.0
36918.0
36099.0
36397.0
36989.0
36203.0
36529.0
36198.0
36400.0
36130.0
36105.0
36136.0
36291.0
36836.0
36525.0
40533.0
36122.0
37965.0
40127.0
40165.0
40329.0
40468.0
38463.0
36081.0
36075.0
36622.0
36321.0
36806.0
36404.0
36594.0
36313.0
36514.0
35997.0
35918.0
36014.0
36516.0
37449.0
37140.0
36348.0
36281.0
36692.0
36604.0
36862.0
36956.0
36707.0
36298.0
36469.0
37999.0
40739.0
40921.0
36649.0
36150.0
36505.0
36933.0
36537.0
36396.0
36361.0
36041.0
36194.0
36010.0
36622.0
39696.0
40228.0
39572.0
36107.0
36478.0
36508.0
36723.0
36736.0
40824.0
45437.0
39346.0
39676.0
39015.0
41537.0
40372.0
39289.0
38539.0
38300.0
37781.0
36651.0
36589.0
37031.0
37314.0
37086.0
36678.0
37244.0
38775.0
41020.0
41009.0
37182.0
36945.0
38099.0
41418.0
41049.0
38260.0
36619.0
36812.0
40673.0
40897.0
38486.0
37056.0
37321.0
39797.0
40650.0
39924.0
37066.0
36946.0
39314.0
40557.0
40702.0
40957.0
40893.0
38979.0
36792.0
36800.0
39829.0
40993.0
39650.0
37273.0
36692.0
36469.0
36314.0
36600.0
36245.0
37005.0
37229.0
36666.0
36408.0
39831.0
36128.0
36190.0
35812.0
36533.0
36482.0
36557.0
36178.0
36764.0
36367.0
36471.0
36374.0
36291.0
36059.0
36533.0
35972.0
36507.0
36082.0
36032.0
36576.0
36072.0
36244.0
36560.0
39896.0
39984.0
37771.0
36369.0
35982.0
39267.0
40320.0
40740.0
40028.0
39939.0
40691.0
40273.0
39261.0
36350.0
36862.0
36520.0
36703.0
36227.0
36352.0
36185.0
36159.0
36166.0
36355.0
36526.0
37036.0
36743.0
36250.0
36144.0
36131.0
36004.0
35972.0
36400.0
39652.0
40251.0
39140.0
36049.0
36374.0
36194.0
36324.0
36204.0
36165.0
36055.0
36327.0
36520.0
36487.0
38000.0
41057.0
42207.0
39325.0
37880.0
38865.0
38579.0
37010.0
36735.0
36837.0
36901.0
37509.0
37299.0
36734.0
37236.0
36851.0
37149.0
36928.0
36737.0
36807.0
36461.0
36294.0
36491.0
36360.0
36275.0
39801.0
40265.0
40456.0
40321.0
40090.0
40403.0
36964.0
37453.0
41635.0
40277.0
38687.0
39301.0
38989.0
41284.0
36533.0
36464.0
36372.0
37536.0
37777.0
37888.0
37088.0
37203.0
37880.0
37320.0
37789.0
37428.0
39845.0
41375.0
40932.0
37390.0
37049.0
37244.0
37615.0
37491.0
37673.0
37448.0
37271.0
37579.0
37226.0
37100.0
37726.0
37302.0
37349.0
37472.0
37806.0
38017.0
37954.0
39287.0
41414.0
41731.0
41681.0
41493.0
40182.0
37581.0
37533.0
37215.0
37222.0
37773.0
37576.0
36978.0
38101.0
37384.0
37860.0
37379.0
37859.0
37724.0
41425.0
41319.0
39579.0
37551.0
37504.0
37404.0
37448.0
37610.0
37369.0
37742.0
37080.0
38215.0
37284.0
37426.0
37474.0
37600.0
37571.0
37324.0
37775.0
37453.0
37507.0
39871.0
41319.0
40560.0
37708.0
37148.0
37595.0
37428.0
37141.0
37737.0
37427.0
37571.0
41464.0
41523.0
39298.0
37343.0
37473.0
37379.0
37426.0
38192.0
41487.0
41225.0
38311.0
37530.0
37737.0
37233.0
37404.0
38454.0
41026.0
41845.0
41265.0
40944.0
41801.0
41211.0
41341.0
37319.0
37310.0
38015.0
37212.0
37944.0
37725.0
38325.0
37577.0
37529.0
37358.0
37794.0
37736.0
37511.0
39569.0
41329.0
557752.0
37453.0
37607.0
37108.0
36906.0
37057.0
37887.0
37126.0
37621.0
37954.0
37954.0
37604.0
37605.0
36881.0
37057.0
37512.0
37618.0
37356.0
38061.0
37378.0
37530.0
39432.0
37268.0
37701.0
39292.0
38584.0
46627.0
37612.0
37891.0
37621.0
39404.0
37626.0
39867.0
40998.0
42482.0
36765.0
39529.0
37127.0
37405.0
36803.0
41431.0
42677.0
40099.0
36976.0
38360.0
38590.0
37695.0
36771.0
40520.0
42921.0
42396.0
41529.0
41259.0
37301.0
36880.0
37818.0
40556.0
40839.0
37621.0
36763.0
37031.0
36914.0
36875.0
36365.0
36700.0
36448.0
36944.0
36815.0
36587.0
36876.0
37035.0
37200.0
36842.0
36574.0
36817.0
36445.0
37107.0
36868.0
36451.0
36778.0
39837.0
40735.0
39434.0
36457.0
37153.0
37045.0
36815.0
36412.0
37784.0
37697.0
37686.0
41553.0
40640.0
40751.0
40850.0
40898.0
40574.0
40880.0
38072.0
37060.0
36647.0
40581.0
40761.0
39424.0
36652.0
36730.0
39238.0
40381.0
40720.0
40746.0
41751.0
38747.0
37677.0
36645.0
37126.0
36827.0
36778.0
70623.0
36412.0
36148.0
36212.0
36180.0
36254.0
35841.0
36097.0
36083.0
36272.0
35876.0
36247.0
35963.0
36133.0
36114.0
35990.0
36372.0
36465.0
36818.0
36504.0
36611.0
36103.0
36408.0
36276.0
40267.0
35957.0
36271.0
36336.0
36365.0
38767.0
39942.0
40228.0
36290.0
36232.0
36218.0
36339.0
36372.0
36425.0
36497.0
36670.0
36897.0
36534.0
36657.0
36635.0
36333.0
36673.0
36318.0
37038.0
36667.0
36165.0
36598.0
36419.0
36366.0
36573.0
36267.0
36569.0
36099.0
36061.0
36178.0
35942.0
36103.0
36162.0
36052.0
36204.0
36397.0
39198.0
40405.0
38942.0
36342.0
36227.0
37923.0
39899.0
40091.0
40763.0
44144.0
38683.0
36366.0
36538.0
38841.0
39923.0
39456.0
36141.0
36189.0
36310.0
36335.0
36062.0
35879.0
36522.0
36428.0
36214.0
36452.0
36250.0
36258.0
36453.0
35992.0
36209.0
36104.0
38020.0
39820.0
40432.0
36766.0
35891.0
36933.0
40010.0
39976.0
38182.0
36381.0
36478.0
36036.0
36288.0
36026.0
36176.0
36105.0
36958.0
40151.0
39906.0
40000.0
40012.0
40058.0
40359.0
40289.0
37962.0
35915.0
36138.0
35786.0
35980.0
36122.0
39910.0
40044.0
38857.0
37860.0
36909.0
38855.0
40116.0
671237.0
36128.0
36610.0
35855.0
36376.0
36210.0
35897.0
36652.0
36392.0
36440.0
36464.0
36513.0
36116.0
36298.0
36345.0
36307.0
35994.0
36244.0
36191.0
36326.0
36068.0
36116.0
36806.0
36313.0
36422.0
36446.0
36475.0
36469.0
36211.0
36369.0
36181.0
36658.0
36516.0
36591.0
36548.0
36091.0
36546.0
36123.0
35889.0
36275.0
36132.0
36310.0
35919.0
36277.0
36499.0
36210.0
36287.0
36687.0
36452.0
36286.0
36065.0
36456.0
36163.0
40199.0
36258.0
36537.0
36736.0
36950.0
37647.0
37160.0
37230.0
36808.0
36645.0
38333.0
37160.0
37316.0
36386.0
36736.0
36422.0
39445.0
40974.0
41752.0
36677.0
37061.0
38317.0
39248.0
39947.0
38759.0
37472.0
39174.0
40475.0
40522.0
42912.0
40374.0
40478.0
40306.0
40706.0
37263.0
36419.0
36723.0
44662.0
36216.0
36581.0
36350.0
36989.0
36632.0
36584.0
36515.0
40390.0
40366.0
40238.0
40386.0
40475.0
39981.0
40569.0
38117.0
36142.0
36218.0
35858.0
36513.0
36816.0
39490.0
40182.0
38829.0
36447.0
37001.0
36531.0
39408.0
36695.0
36671.0
36373.0
36398.0
36518.0
38575.0
39961.0
42102.0
42321.0
38016.0
37966.0
40122.0
41841.0
42425.0
38684.0
38868.0
38082.0
38496.0
38021.0
40755.0
42408.0
41345.0
37926.0
37834.0
38440.0
37790.0
38193.0
38344.0
38493.0
38477.0
38117.0
38187.0
37946.0
38376.0
37863.0
41803.0
42313.0
39420.0
38122.0
38246.0
38243.0
37532.0
38154.0
38001.0
38298.0
37891.0
38471.0
38022.0
38206.0
38420.0
38119.0
38823.0
38055.0
38168.0
37802.0
37917.0
37968.0
37693.0
37913.0
37337.0
37759.0
37223.0
37715.0
37328.0
37528.0
37471.0
37214.0
37322.0
37577.0
37368.0
37526.0
37383.0
37450.0
37778.0
37318.0
37146.0
37485.0
37724.0
37153.0
37455.0
40688.0
41614.0
39664.0
37840.0
37507.0
37004.0
37925.0
37394.0
37547.0
37785.0
37887.0
41564.0
41636.0
38539.0
37458.0
37253.0
37756.0
37719.0
37731.0
37580.0
37762.0
37327.0
37720.0
38809.0
37898.0
37748.0
37185.0
38048.0
37437.0
39040.0
37569.0
37804.0
37416.0
37215.0
38190.0
38423.0
37379.0
37333.0
38089.0
37347.0
37858.0
37330.0
37451.0
37677.0
37956.0
37756.0
37172.0
37351.0
37538.0
37395.0
39602.0
38693.0
38466.0
48137.0
40360.0
39984.0
40320.0
40201.0
37551.0
36476.0
36352.0
36116.0
36537.0
36099.0
36050.0
36545.0
36375.0
36663.0
36572.0
36402.0
36023.0
36678.0
36083.0
36261.0
35999.0
36360.0
36295.0
38213.0
40259.0
40243.0
39969.0
40254.0
39149.0
36442.0
36503.0
36123.0
36588.0
35985.0
39757.0
40442.0
42633.0
37152.0
37432.0
36774.0
36388.0
36289.0
39863.0
40806.0
39556.0
36365.0
36122.0
35997.0
36235.0
36599.0
36472.0
36727.0
36574.0
36500.0
36231.0
36658.0
36564.0
36688.0
37043.0
36572.0
36388.0
39394.0
40606.0
40422.0
40408.0
40330.0
37487.0
36570.0
36213.0
36177.0
36502.0
36091.0
36544.0
36471.0
38088.0
40319.0
40528.0
36887.0
36728.0
36442.0
36859.0
36548.0
36563.0
36584.0
36373.0
38668.0
40494.0
40575.0
36316.0
36711.0
36336.0
36796.0
36397.0
36610.0
36525.0
36707.0
39792.0
40465.0
39580.0
36545.0
36402.0
36524.0
36552.0
36797.0
36644.0
36223.0
36424.0
36568.0
36988.0
36886.0
40975.0
48678.0
38329.0
40161.0
36438.0
36079.0
36104.0
36698.0
36279.0
36376.0
37375.0
36704.0
38099.0
39838.0
40253.0
38810.0
36025.0
40329.0
39370.0
41190.0
38405.0
41636.0
42211.0
42141.0
41628.0
41909.0
41467.0
41721.0
38791.0
38087.0
38988.0
46844.0
42324.0
37448.0
37021.0
36207.0
36364.0
36397.0
36734.0
36847.0
37615.0
38691.0
38223.0
38004.0
36093.0
36317.0
37436.0
40171.0
40026.0
40246.0
40084.0
39262.0
37299.0
39232.0
37002.0
36946.0
36434.0
39233.0
40571.0
39437.0
36119.0
36644.0
37881.0
40340.0
40315.0
36737.0
36101.0
37040.0
40478.0
40271.0
39934.0
40300.0
40080.0
40218.0
39751.0
38390.0
36062.0
36304.0
36427.0
36149.0
36044.0
40116.0
40396.0
38669.0
36385.0
36237.0
39452.0
40660.0
40300.0
40396.0
40273.0
37704.0
36631.0
36102.0
36570.0
36248.0
36160.0
36225.0
36174.0
36772.0
36507.0
36787.0
36219.0
36310.0
36619.0
39411.0
40474.0
39385.0
36052.0
36443.0
36948.0
36371.0
36129.0
36706.0
36630.0
36475.0
40202.0
40309.0
38897.0
36516.0
36279.0
39331.0
40346.0
39779.0
36218.0
35884.0
35922.0
36025.0
36391.0
35960.0
35926.0
36119.0
36267.0
35940.0
36006.0
36194.0
35841.0
36234.0
36502.0
36282.0
37583.0
39819.0
40012.0
37254.0
36016.0
36221.0
36320.0
36383.0
36094.0
35778.0
36130.0
40930.0
37593.0
36439.0
39667.0
40576.0
39494.0
36573.0
36530.0
35956.0
36546.0
36529.0
39228.0
40343.0
40236.0
40305.0
39973.0
37616.0
36546.0
36322.0
36146.0
36414.0
36197.0
36275.0
35992.0
36145.0
36299.0
36350.0
36194.0
36848.0
36431.0
36275.0
36329.0
36790.0
39921.0
40723.0
38654.0
36888.0
36608.0
36983.0
36520.0
36556.0
36611.0
36844.0
36513.0
36559.0
36675.0
38021.0
40331.0
40855.0
36877.0
36493.0
36845.0
36423.0
36333.0
36065.0
36374.0
36339.0
36511.0
36570.0
36234.0
36743.0
36251.0
36413.0
36405.0
36094.0
36804.0
40687.0
40258.0
40710.0
49011.0
39057.0
36575.0
36362.0
36279.0
36020.0
36266.0
36423.0
36587.0
36618.0
36325.0
36407.0
36577.0
36245.0
36268.0
36069.0
36138.0
36079.0
39728.0
40226.0
39760.0
36417.0
36088.0
36289.0
36244.0
36364.0
36272.0
36448.0
36403.0
36616.0
36534.0
36121.0
36268.0
36243.0
36263.0
36270.0
36469.0
38800.0
40033.0
40202.0
36434.0
36214.0
36497.0
36442.0
36334.0
36696.0
36372.0
36313.0
39261.0
40256.0
39856.0
36444.0
36097.0
36279.0
36413.0
36370.0
36172.0
35817.0
36321.0
39847.0
40217.0
39239.0
36144.0
36460.0
38605.0
49879.0
39351.0
36511.0
36625.0
38271.0
40000.0
40533.0
36766.0
36263.0
36701.0
36669.0
36395.0
36394.0
36316.0
36285.0
38494.0
40385.0
40371.0
36293.0
36156.0
36531.0
36099.0
36735.0
36818.0
36259.0
36562.0
36322.0
36258.0
48876.0
37485.0
41075.0
40043.0
40199.0
36853.0
38663.0
38087.0
38830.0
42943.0
41039.0
36767.0
38391.0
36504.0
38047.0
37151.0
37345.0
37591.0
37524.0
36665.0
38752.0
40014.0
36601.0
36295.0
37879.0
39771.0
40515.0
37069.0
36658.0
37040.0
40038.0
40544.0
40202.0
40649.0
39596.0
36718.0
36808.0
37565.0
40724.0
42071.0
38677.0
37099.0
37234.0
40240.0
40719.0
38042.0
37238.0
36408.0
36849.0
36438.0
36468.0
36612.0
37009.0
36556.0
36478.0
37383.0
38609.0
40665.0
39959.0
40429.0
40052.0
40201.0
40392.0
40112.0
36207.0
36531.0
36335.0
36272.0
36167.0
36627.0
37248.0
37224.0
40909.0
38412.0
36682.0
36621.0
36582.0
39210.0
40574.0
40616.0
36959.0
36631.0
36360.0
36441.0
36459.0
36356.0
36476.0
36893.0
36559.0
36685.0
36121.0
36558.0
36111.0
36514.0
908770.0
828148.0
37104.0
36505.0
36196.0
36080.0
36478.0
36264.0
36329.0
36465.0
36542.0
36712.0
36820.0
36602.0
36352.0
36264.0
35863.0
36143.0
36412.0
36913.0
37569.0
36879.0
36698.0
36669.0
36956.0
36683.0
36422.0
36419.0
36263.0
36492.0
36360.0
36217.0
36860.0
36422.0
36473.0
36684.0
36231.0
36557.0
36197.0
36453.0
36553.0
36573.0
36877.0
36526.0
36109.0
36629.0
36379.0
35993.0
36993.0
36685.0
35990.0
36794.0
36295.0
36738.0
35954.0
36569.0
37825.0
36486.0
36284.0
36594.0
36186.0
36277.0
36473.0
36230.0
36644.0
36545.0
36796.0
36433.0
36342.0
37306.0
37520.0
36629.0
36443.0
36551.0
36746.0
36634.0
37390.0
36964.0
36507.0
36354.0
36603.0
37724.0
36850.0
35969.0
36399.0
36804.0
36803.0
36604.0
36654.0
36423.0
36284.0
36416.0
36259.0
36393.0
36605.0
36920.0
36648.0
36564.0
36141.0
36360.0
36413.0
36905.0
37456.0
39356.0
36748.0
36458.0
36430.0
36280.0
36737.0
36523.0
36798.0
36527.0
36609.0
36525.0
36251.0
36714.0
1799495.0
36072.0
35843.0
36245.0
35980.0
36243.0
36397.0
36129.0
36806.0
36615.0
36769.0
36664.0
36433.0
37693.0
37738.0
38142.0
37206.0
38465.0
38401.0
37411.0
37769.0
38687.0
37799.0
39785.0
37428.0
38474.0
39179.0
37675.0
37226.0
38263.0
38475.0
38481.0
38628.0
38680.0
39191.0
38061.0
38620.0
37773.0
36442.0
38555.0
37704.0
42096.0
36690.0
36317.0
38027.0
38998.0
38748.0
37380.0
37315.0
37068.0
38715.0
38084.0
36788.0
37898.0
37347.0
39006.0
37836.0
36624.0
36590.0
36507.0
36362.0
36234.0
36435.0
36151.0
36202.0
36249.0
36140.0
36546.0
36363.0
36385.0
36418.0
36539.0
36455.0
36220.0
36505.0
36142.0
36372.0
36083.0
36102.0
36178.0
36669.0
39284.0
40413.0
39237.0
36086.0
36281.0
38702.0
53325.0
46888.0
37397.0
37290.0
37795.0
37127.0
37714.0
36895.0
36931.0
37114.0
37464.0
37192.0
36843.0
37912.0
38522.0
37158.0
36676.0
36827.0
36886.0
36918.0
37245.0
36798.0
36408.0
36863.0
36575.0
36916.0
36257.0
36648.0
36235.0
36729.0
40677.0
36851.0
36630.0
36164.0
36693.0
35909.0
36413.0
36388.0
36629.0
36644.0
36637.0
36585.0
36133.0
36295.0
36128.0
36481.0
36314.0
36197.0
36425.0
36744.0
36854.0
37216.0
36790.0
36654.0
36501.0
36831.0
38766.0
40732.0
40225.0
40160.0
40511.0
37637.0
36521.0
36181.0
36676.0
36852.0
36542.0
36192.0
36465.0
36289.0
36300.0
36567.0
36871.0
36490.0
36672.0
36572.0
36508.0
36158.0
36432.0
36492.0
36448.0
36870.0
36678.0
36279.0
36404.0
36352.0
36763.0
36406.0
37047.0
37260.0
36389.0
37299.0
40823.0
40780.0
37796.0
37706.0
36719.0
36387.0
36592.0
36285.0
36470.0
37396.0
36593.0
36492.0
36723.0
37179.0
36846.0
36703.0
36585.0
36400.0
37079.0
40789.0
40506.0
37431.0
36430.0
36478.0
39987.0
40235.0
39967.0
40227.0
40011.0
39662.0
36610.0
36994.0
36538.0
36483.0
36362.0
36193.0
36580.0
39122.0
40535.0
40298.0
36340.0
36634.0
41374.0
37968.0
38030.0
37800.0
38145.0
37653.0
38121.0
37785.0
38202.0
37379.0
38151.0
38031.0
37985.0
37589.0
37424.0
37790.0
37174.0
37643.0
37904.0
37376.0
37863.0
37518.0
41723.0
40081.0
38199.0
36346.0
36573.0
36882.0
36692.0
36457.0
36268.0
36320.0
36975.0
40227.0
40735.0
37433.0
36387.0
36305.0
36310.0
36460.0
36923.0
36717.0
36647.0
36485.0
36217.0
36344.0
36423.0
36751.0
36798.0
36945.0
36542.0
36321.0
36187.0
36349.0
36452.0
36598.0
36939.0
38608.0
40367.0
40273.0
36770.0
36801.0
36307.0
36444.0
36334.0
36295.0
36565.0
36296.0
36971.0
36504.0
36652.0
36458.0
36487.0
37788.0
40731.0
40397.0
37781.0
37262.0
36576.0
40264.0
40754.0
38708.0
36664.0
36924.0
36465.0
36594.0
36891.0
36437.0
36439.0
36363.0
36163.0
36312.0
37860.0
40268.0
40385.0
36795.0
36259.0
36414.0
36246.0
36316.0
36481.0
36739.0
36573.0
36542.0
36421.0
36467.0
36231.0
36696.0
42158.0
36752.0
39824.0
39967.0
40106.0
40017.0
43851.0
44339.0
43915.0
44052.0
43344.0
40350.0
38608.0
41951.0
41825.0
41384.0
36492.0
37188.0
40589.0
41578.0
40435.0
37521.0
37741.0
40905.0
44866.0
40735.0
38112.0
37140.0
38703.0
40421.0
40554.0
40767.0
40016.0
40694.0
40464.0
40576.0
37687.0
37018.0
39689.0
40333.0
38890.0
39558.0
40939.0
43070.0
39949.0
43267.0
41249.0
42222.0
41260.0
41158.0
41360.0
38158.0
37810.0
38047.0
36638.0
36955.0
37174.0
36585.0
36341.0
40674.0
40394.0
40200.0
41105.0
40802.0
40828.0
40699.0
39217.0
36745.0
36727.0
37256.0
36674.0
36427.0
36728.0
36877.0
37506.0
41044.0
40612.0
38614.0
36518.0
36551.0
37021.0
37319.0
36659.0
37078.0
36845.0
36949.0
36969.0
36543.0
39607.0
40903.0
40186.0
36626.0
36852.0
37405.0
36277.0
36660.0
36881.0
36900.0
37159.0
36466.0
36622.0
36673.0
37194.0
36888.0
36553.0
36907.0
36883.0
39664.0
41153.0
39970.0
36971.0
36633.0
36231.0
36543.0
37767.0
40302.0
41751.0
41281.0
41665.0
41442.0
38257.0
37321.0
37699.0
37218.0
37546.0
37581.0
37236.0
36995.0
37748.0
37251.0
37315.0
37896.0
37317.0
37807.0
37597.0
37161.0
37674.0
37614.0
37492.0
37594.0
37167.0
38944.0
41100.0
41066.0
38266.0
36882.0
38107.0
37385.0
37307.0
37859.0
37357.0
38129.0
40367.0
41483.0
42047.0
37421.0
37353.0
40520.0
41605.0
41898.0
42426.0
41222.0
38215.0
37607.0
37843.0
37416.0
37493.0
37700.0
37380.0
37676.0
40087.0
41158.0
40763.0
38625.0
38419.0
36747.0
38549.0
36545.0
37496.0
37469.0
37768.0
37249.0
36883.0
36606.0
37282.0
36943.0
37454.0
36534.0
36902.0
37182.0
36889.0
36709.0
37447.0
37182.0
36743.0
36528.0
36589.0
39825.0
40864.0
39530.0
36657.0
36830.0
36974.0
36835.0
37008.0
37374.0
39635.0
36577.0
36669.0
36610.0
37705.0
38465.0
36273.0
37423.0
36844.0
36469.0
36309.0
36382.0
36329.0
36598.0
36743.0
36757.0
36695.0
36498.0
36113.0
36456.0
36574.0
39683.0
40516.0
40528.0
40634.0
40633.0
36950.0
36222.0
36374.0
36570.0
36582.0
37062.0
36411.0
36572.0
36417.0
36041.0
36997.0
36179.0
37318.0
36387.0
40761.0
40724.0
40538.0
40043.0
40890.0
36222.0
36831.0
36365.0
36435.0
36450.0
36369.0
36593.0
36716.0
36014.0
36735.0
36038.0
36756.0
36225.0
35964.0
36418.0
36012.0
37913.0
39913.0
39974.0
37029.0
36332.0
36112.0
40160.0
40204.0
38781.0
36529.0
36445.0
36136.0
36314.0
36187.0
36205.0
36039.0
36376.0
40099.0
40146.0
39980.0
44616.0
40162.0
39945.0
39973.0
37705.0
36316.0
36283.0
36109.0
36042.0
35933.0
40235.0
40405.0
38304.0
36174.0
36296.0
36004.0
36149.0
36539.0
36245.0
36138.0
36392.0
40181.0
41742.0
37757.0
36507.0
36732.0
36814.0
36504.0
36576.0
40583.0
40296.0
40364.0
40094.0
40631.0
36566.0
36110.0
37733.0
40098.0
40075.0
37467.0
36708.0
36278.0
36418.0
36640.0
36290.0
36452.0
36193.0
36612.0
36532.0
37009.0
40297.0
40867.0
40672.0
37294.0
37793.0
38380.0
41461.0
41108.0
41577.0
41437.0
39626.0
37096.0
38240.0
40427.0
40879.0
40765.0
41341.0
42586.0
37265.0
37225.0
37367.0
40655.0
40166.0
37678.0
36235.0
36250.0
40043.0
40318.0
40522.0
40191.0
40369.0
37335.0
36638.0
36834.0
41224.0
36556.0
36547.0
36357.0
36521.0
36698.0
36181.0
35874.0
39359.0
40017.0
39017.0
36377.0
36661.0
37856.0
40376.0
39980.0
36596.0
36562.0
36347.0
36221.0
36244.0
35940.0
36188.0
36028.0
36257.0
36276.0
36244.0
35905.0
36165.0
36272.0
36517.0
36868.0
35966.0
36135.0
35929.0
36449.0
36259.0
36259.0
36447.0
36481.0
36370.0
36197.0
36485.0
36632.0
36493.0
36356.0
36334.0
35996.0
36204.0
60654.0
48256.0
38614.0
36998.0
36026.0
40414.0
40261.0
38115.0
36490.0
36221.0
36515.0
36118.0
36592.0
36148.0
36207.0
36761.0
36707.0
36514.0
38144.0
40222.0
40811.0
36815.0
36378.0
36291.0
36180.0
36473.0
36255.0
36155.0
36578.0
36292.0
36689.0
36389.0
36203.0
36717.0
36532.0
36131.0
36213.0
36339.0
37244.0
36986.0
38401.0
39883.0
40152.0
40441.0
40322.0
38286.0
36017.0
36064.0
36454.0
36218.0
36437.0
36599.0
36664.0
36450.0
36391.0
36074.0
36230.0
36286.0
36147.0
36112.0
36412.0
36292.0
36436.0
36818.0
36455.0
36331.0
36136.0
36554.0
36345.0
36111.0
36457.0
36532.0
36650.0
36344.0
36467.0
36397.0
36203.0
36345.0
36229.0
35966.0
36364.0
36159.0
36387.0
35973.0
36565.0
37008.0
36936.0
36850.0
36198.0
36788.0
38687.0
38859.0
40616.0
41586.0
41060.0
37499.0
37082.0
37217.0
37340.0
36733.0
38735.0
41840.0
41454.0
37004.0
38029.0
39056.0
40030.0
40662.0
40348.0
40983.0
39750.0
36897.0
36792.0
36265.0
36657.0
36530.0
36549.0
36727.0
45999.0
36850.0
37360.0
38131.0
38601.0
36437.0
36773.0
36588.0
37176.0
36892.0
36704.0
36534.0
36969.0
37093.0
36792.0
71798.0
36736.0
36650.0
37222.0
36426.0
36169.0
36339.0
36529.0
36579.0
36377.0
36052.0
36142.0
35965.0
36381.0
36138.0
35824.0
36029.0
36108.0
35614.0
36094.0
36183.0
36268.0
36153.0
36125.0
36226.0
36505.0
39551.0
39891.0
38905.0
36381.0
35717.0
38856.0
40376.0
40159.0
36060.0
43112.0
38181.0
39893.0
40101.0
36937.0
36427.0
36508.0
36279.0
36522.0
36240.0
36036.0
36299.0
38172.0
40223.0
40311.0
40234.0
40489.0
38047.0
36737.0
36432.0
36426.0
36491.0
35892.0
36089.0
36437.0
36114.0
36129.0
36233.0
37425.0
40135.0
39973.0
37068.0
35877.0
36666.0
36276.0
39291.0
38329.0
37057.0
37412.0
37941.0
37432.0
37898.0
37582.0
37447.0
38839.0
41583.0
46146.0
36700.0
36499.0
36631.0
36425.0
37023.0
36655.0
36648.0
38230.0
37040.0
37941.0
37983.0
41570.0
42624.0
41847.0
42821.0
40965.0
37943.0
37996.0
38498.0
37730.0
39333.0
37891.0
37655.0
38730.0
41955.0
40544.0
39480.0
37704.0
37584.0
40580.0
40661.0
38737.0
36528.0
36947.0
37145.0
37208.0
37039.0
36778.0
37608.0
36965.0
37113.0
37704.0
37213.0
37033.0
37368.0
36666.0
37044.0
37864.0
36382.0
36695.0
40206.0
36895.0
36289.0
36651.0
36330.0
36467.0
36675.0
36448.0
37368.0
40165.0
40095.0
40245.0
40134.0
39480.0
36168.0
36245.0
38597.0
41089.0
48039.0
37673.0
37644.0
40272.0
41769.0
41957.0
38101.0
37850.0
38410.0
37296.0
38496.0
37475.0
38076.0
38088.0
41410.0
41814.0
39580.0
37729.0
38264.0
37791.0
37995.0
38609.0
41498.0
41948.0
41813.0
41849.0
40360.0
37894.0
37934.0
40849.0
41985.0
41004.0
38041.0
37978.0
38260.0
37852.0
38424.0
41838.0
41678.0
40074.0
37747.0
37755.0
41071.0
41937.0
39708.0
38213.0
37705.0
38160.0
37425.0
38333.0
37644.0
37771.0
39589.0
41804.0
42137.0
37948.0
37971.0
38205.0
37705.0
37696.0
37883.0
38208.0
37873.0
41063.0
41983.0
40102.0
37639.0
38050.0
37833.0
37972.0
37919.0
37997.0
37750.0
38035.0
37598.0
37782.0
41291.0
41838.0
40449.0
37812.0
37973.0
37841.0
38050.0
37924.0
41582.0
42061.0
41710.0
41794.0
40639.0
36200.0
36270.0
36227.0
36491.0
36145.0
36104.0
36177.0
36686.0
36518.0
36458.0
36539.0
36401.0
36556.0
36063.0
36515.0
36194.0
36282.0
36525.0
36804.0
36617.0
36490.0
36122.0
36027.0
39234.0
37323.0
40402.0
40432.0
37499.0
36331.0
36494.0
36376.0
36255.0
36434.0
36403.0
36737.0
36865.0
36449.0
36223.0
38270.0
40171.0
39889.0
37081.0
36333.0
36364.0
36711.0
36597.0
36219.0
37240.0
37260.0
36439.0
36319.0
36026.0
36413.0
36342.0
36923.0
36633.0
36246.0
38293.0
40029.0
40122.0
36466.0
36560.0
36091.0
36519.0
36586.0
36255.0
36287.0
35952.0
39191.0
40243.0
40236.0
36245.0
36364.0
36432.0
39141.0
36182.0
38632.0
40530.0
40196.0
36243.0
36393.0
36157.0
36503.0
35844.0
36290.0
36214.0
36172.0
36514.0
36603.0
36355.0
36528.0
36431.0
36302.0
36445.0
36073.0
36142.0
36200.0
36640.0
36161.0
36600.0
36099.0
39373.0
40370.0
38827.0
36163.0
36671.0
36550.0
36536.0
36336.0
38981.0
40051.0
39442.0
36420.0
36294.0
36592.0
36433.0
36430.0
38323.0
40100.0
39776.0
36266.0
36612.0
36553.0
36182.0
36480.0
35783.0
36060.0
36250.0
36338.0
36383.0
35944.0
36381.0
36326.0
36840.0
36396.0
36121.0
36570.0
36462.0
36791.0
36425.0
39945.0
38701.0
40764.0
41890.0
38575.0
36550.0
38861.0
40687.0
40476.0
42882.0
40443.0
42740.0
38660.0
38137.0
39345.0
39106.0
36675.0
43814.0
40388.0
40446.0
40757.0
40338.0
39960.0
40341.0
40021.0
39924.0
40767.0
37499.0
35901.0
36468.0
36111.0
36393.0
36265.0
38687.0
38816.0
38438.0
38295.0
39883.0
37518.0
38311.0
38960.0
42159.0
40556.0
37606.0
37139.0
36739.0
36718.0
37047.0
38363.0
40899.0
40395.0
41550.0
41105.0
39760.0
36819.0
36408.0
37309.0
36901.0
36674.0
40287.0
40709.0
39180.0
36650.0
36935.0
37140.0
36946.0
38324.0
41096.0
41235.0
38978.0
37273.0
36876.0
38716.0
37533.0
36992.0
40990.0
40884.0
38699.0
37599.0
36460.0
39663.0
40403.0
39078.0
36267.0
36308.0
36466.0
36561.0
36643.0
36506.0
36219.0
36227.0
40004.0
40370.0
40615.0
40174.0
40210.0
37130.0
37348.0
45094.0
36966.0
36904.0
37005.0
36379.0
36081.0
36020.0
36061.0
36091.0
35861.0
36409.0
37183.0
40011.0
40076.0
37177.0
36364.0
36192.0
36289.0
36091.0
36252.0
36268.0
36138.0
37786.0
40209.0
40231.0
36985.0
36292.0
36087.0
40378.0
40493.0
38430.0
36384.0
36051.0
36097.0
35996.0
36220.0
36076.0
35830.0
36132.0
35898.0
36034.0
35944.0
36224.0
35919.0
38042.0
40371.0
39998.0
37095.0
36147.0
35854.0
36519.0
40768.0
36540.0
36240.0
36855.0
35957.0
36675.0
36559.0
36129.0
36257.0
36141.0
40227.0
40255.0
38000.0
36327.0
36074.0
39708.0
40149.0
39417.0
37300.0
36300.0
36787.0
35827.0
36611.0
35926.0
36137.0
35996.0
36256.0
36460.0
36196.0
35977.0
36186.0
35953.0
36061.0
35909.0
36010.0
36170.0
36196.0
36097.0
35914.0
35858.0
36033.0
36300.0
35986.0
36007.0
36060.0
35892.0
35902.0
35936.0
36186.0
36485.0
36067.0
36475.0
36301.0
36051.0
35960.0
36298.0
36625.0
39816.0
40188.0
37761.0
35871.0
36614.0
36132.0
35805.0
36275.0
36225.0
35921.0
36742.0
40347.0
40278.0
37760.0
36545.0
36307.0
39737.0
39894.0
38929.0
36284.0
36467.0
36212.0
36357.0
36030.0
36174.0
36231.0
36054.0
36544.0
37416.0
36673.0
36619.0
36092.0
36590.0
36076.0
36893.0
36971.0
36553.0
36254.0
36539.0
36353.0
36194.0
36318.0
36180.0
36519.0
36439.0
36771.0
36202.0
36550.0
36395.0
36222.0
36191.0
36178.0
36068.0
36066.0
36198.0
36375.0
36213.0
38078.0
40255.0
40028.0
36784.0
39406.0
36297.0
35939.0
36168.0
37567.0
39979.0
39900.0
37393.0
36369.0
36534.0
36255.0
36101.0
37200.0
40084.0
40144.0
37254.0
36770.0
36358.0
40645.0
36452.0
37555.0
39923.0
40406.0
40349.0
39645.0
39294.0
36407.0
36053.0
36654.0
36495.0
36154.0
36112.0
36165.0
35993.0
36305.0
36120.0
36315.0
36044.0
36786.0
36139.0
36809.0
36159.0
36582.0
36332.0
46371.0
36917.0
36589.0
36227.0
36454.0
36432.0
36589.0
36715.0
36654.0
39655.0
40026.0
39140.0
36826.0
36736.0
38481.0
40532.0
40327.0
36981.0
36342.0
37078.0
40481.0
40256.0
40546.0
40268.0
39872.0
36805.0
38232.0
39234.0
41179.0
41262.0
37346.0
36796.0
38823.0
41037.0
40617.0
37928.0
36608.0
36450.0
41108.0
41086.0
40597.0
40744.0
40619.0
40876.0
40822.0
40480.0
41212.0
40660.0
36511.0
36836.0
37186.0
36543.0
36201.0
39430.0
41223.0
42099.0
37003.0
36739.0
38357.0
41630.0
41841.0
37020.0
36328.0
36518.0
40409.0
40289.0
38180.0
36532.0
36476.0
36303.0
36338.0
36092.0
36141.0
36294.0
37414.0
40268.0
40427.0
37148.0
36310.0
36027.0
36273.0
36670.0
37004.0
36604.0
36055.0
36279.0
36250.0
36307.0
38615.0
40368.0
40309.0
40504.0
40251.0
40115.0
40461.0
40374.0
36384.0
36660.0
36598.0
36542.0
36358.0
36252.0
36370.0
36227.0
39727.0
40292.0
44664.0
38350.0
37538.0
37445.0
36195.0
36501.0
39994.0
40820.0
38878.0
36474.0
36259.0
36419.0
36362.0
36274.0
39209.0
40705.0
39322.0
36327.0
36378.0
36065.0
36187.0
36138.0
36466.0
36669.0
36817.0
36391.0
36461.0
36187.0
36219.0
36416.0
36498.0
36265.0
36880.0
36451.0
36526.0
36074.0
36395.0
36242.0
36535.0
46133.0
40210.0
37453.0
36378.0
36207.0
36204.0
36419.0
36538.0
36545.0
36725.0
37562.0
40223.0
40155.0
36807.0
36769.0
36572.0
36158.0
36450.0
36487.0
36223.0
35980.0
38127.0
40283.0
40328.0
36308.0
36511.0
36222.0
35772.0
36380.0
37814.0
40306.0
40208.0
40372.0
40232.0
39134.0
36501.0
36299.0
37764.0
40042.0
40634.0
40876.0
40533.0
38579.0
37137.0
36488.0
36623.0
36483.0
36659.0
36824.0
36601.0
37252.0
36250.0
36420.0
36383.0
36443.0
37092.0
39744.0
39997.0
39854.0
36400.0
36383.0
36616.0
36029.0
36517.0
39210.0
40283.0
40266.0
36135.0
36568.0
36415.0
36353.0
36531.0
38726.0
40269.0
40406.0
37175.0
38251.0
37537.0
40049.0
40136.0
37637.0
36136.0
36458.0
36208.0
36483.0
36288.0
36878.0
36685.0
37905.0
40193.0
40284.0
39769.0
40011.0
40309.0
44680.0
40581.0
36578.0
36458.0
36259.0
36322.0
36055.0
36122.0
36833.0
36867.0
36379.0
36543.0
36543.0
36272.0
36154.0
36230.0
36491.0
36490.0
36719.0
36397.0
36786.0
36468.0
36352.0
36173.0
39678.0
40320.0
39373.0
36100.0
36098.0
38387.0
40323.0
40273.0
40418.0
40292.0
38711.0
36403.0
36518.0
38761.0
40220.0
39858.0
36819.0
36445.0
36545.0
36125.0
36301.0
36223.0
36236.0
36493.0
36737.0
36586.0
36278.0
36639.0
36531.0
37026.0
40049.0
40390.0
37747.0
36710.0
36159.0
40019.0
40016.0
39092.0
36188.0
36429.0
36444.0
36154.0
36028.0
36425.0
36487.0
36947.0
40225.0
40431.0
38570.0
36772.0
36776.0
36742.0
36438.0
36224.0
40065.0
40351.0
41005.0
38010.0
36029.0
36356.0
35933.0
36600.0
36063.0
36660.0
36823.0
39966.0
39059.0
41005.0
41312.0
43236.0
42283.0
41094.0
41394.0
40349.0
41141.0
41237.0
42461.0
42329.0
41252.0
41865.0
40425.0
40175.0
44928.0
42574.0
40827.0
40712.0
42567.0
39956.0
40123.0
41889.0
40859.0
39226.0
36512.0
37061.0
36822.0
37264.0
36713.0
36751.0
36584.0
36489.0
36288.0
37056.0
37600.0
40322.0
40080.0
37277.0
36693.0
40192.0
37807.0
36334.0
37535.0
40540.0
40336.0
37434.0
36135.0
36636.0
36191.0
36474.0
36719.0
40382.0
40180.0
43209.0
40406.0
39809.0
35888.0
36605.0
36592.0
36546.0
36327.0
36450.0
36468.0
36125.0
36254.0
36305.0
36081.0
36202.0
36442.0
35936.0
37618.0
36400.0
36343.0
36468.0
35855.0
39865.0
40303.0
40028.0
40349.0
40164.0
40321.0
40707.0
39890.0
36415.0
35876.0
38547.0
40011.0
40331.0
36657.0
35908.0
37156.0
40214.0
39880.0
37806.0
35816.0
36423.0
36363.0
36075.0
35763.0
36322.0
36139.0
35858.0
36067.0
36284.0
36151.0
36241.0
36268.0
36779.0
35842.0
36774.0
39343.0
40342.0
38642.0
36628.0
36478.0
36021.0
36594.0
36445.0
36044.0
36268.0
36259.0
35945.0
36474.0
36428.0
39932.0
40203.0
37614.0
36410.0
36364.0
36384.0
35876.0
36056.0
39919.0
40053.0
38499.0
36487.0
36437.0
36229.0
35964.0
36330.0
35756.0
36109.0
36161.0
40498.0
40373.0
37856.0
36095.0
36329.0
36417.0
36037.0
35906.0
36453.0
35922.0
35939.0
36044.0
36344.0
36071.0
36231.0
36204.0
36661.0
35902.0
36563.0
36601.0
36598.0
36368.0
40264.0
39983.0
38270.0
36740.0
36327.0
38614.0
40668.0
39613.0
48042.0
39863.0
40153.0
39763.0
39183.0
36413.0
36450.0
36695.0
36734.0
36329.0
39010.0
40113.0
39576.0
36301.0
36776.0
36635.0
36281.0
36083.0
40125.0
40246.0
40085.0
36081.0
36507.0
36395.0
36508.0
36714.0
38839.0
39986.0
39946.0
36871.0
36441.0
37351.0
40583.0
40148.0
37351.0
36306.0
36290.0
36511.0
36154.0
37071.0
40065.0
39895.0
37762.0
36390.0
36255.0
36498.0
36023.0
38893.0
36732.0
36253.0
37564.0
40372.0
40036.0
37056.0
36476.0
36325.0
36433.0
36353.0
36135.0
36078.0
36227.0
37963.0
39732.0
40349.0
36685.0
35955.0
36962.0
39802.0
40546.0
38143.0
36358.0
36764.0
36126.0
36292.0
36169.0
40227.0
40413.0
38480.0
36264.0
36162.0
36171.0
36250.0
36089.0
36102.0
36268.0
36038.0
35964.0
36278.0
36359.0
36773.0
36530.0
36359.0
36368.0
36166.0
36165.0
36076.0
36518.0
36085.0
36078.0
36168.0
36134.0
35942.0
36218.0
35912.0
36383.0
36085.0
36310.0
36440.0
36636.0
36553.0
36348.0
35874.0
36508.0
36918.0
40382.0
40113.0
37513.0
36284.0
36425.0
55717.0
40777.0
44786.0
47208.0
42474.0
37044.0
40499.0
38320.0
37761.0
38782.0
41192.0
43929.0
38909.0
36669.0
45580.0
42110.0
40800.0
36455.0
36616.0
36622.0
36702.0
36933.0
36475.0
36528.0
36301.0
39847.0
40155.0
40558.0
40391.0
40288.0
37919.0
36495.0
36525.0
39860.0
40272.0
40913.0
39677.0
40958.0
40413.0
40632.0
40401.0
40322.0
40690.0
37087.0
36823.0
36660.0
40724.0
40149.0
37939.0
36646.0
36377.0
36368.0
36198.0
36251.0
40125.0
40442.0
38390.0
36242.0
36047.0
39323.0
41320.0
40000.0
36070.0
36338.0
36815.0
36965.0
37939.0
39920.0
40147.0
40147.0
40367.0
40338.0
38146.0
36161.0
36175.0
36182.0
36622.0
35919.0
36230.0
36212.0
37700.0
40169.0
41916.0
40558.0
40374.0
39011.0
36131.0
36542.0
36388.0
36836.0
36667.0
37267.0
40104.0
37181.0
36943.0
36752.0
38413.0
40909.0
40672.0
37363.0
36320.0
38361.0
37051.0
38063.0
38193.0
36941.0
36370.0
36436.0
36815.0
36140.0
36426.0
36319.0
36866.0
40072.0
40129.0
38009.0
36110.0
36517.0
35844.0
36601.0
36157.0
35922.0
36089.0
36101.0
36101.0
36096.0
35932.0
36214.0
36294.0
39440.0
40202.0
39445.0
36126.0
36204.0
37273.0
40024.0
40223.0
37330.0
36420.0
36420.0
40324.0
40280.0
38544.0
36162.0
36117.0
36180.0
40759.0
36062.0
40299.0
40207.0
38561.0
36072.0
36084.0
36308.0
36160.0
36014.0
39496.0
40361.0
38891.0
36203.0
36160.0
37855.0
40182.0
40629.0
36404.0
36610.0
36375.0
36031.0
36150.0
37955.0
40268.0
39860.0
40342.0
40245.0
40211.0
40194.0
40255.0
36829.0
36230.0
36247.0
35936.0
36068.0
37212.0
39965.0
40490.0
40218.0
40386.0
39629.0
36192.0
36636.0
36070.0
36409.0
35973.0
39274.0
40963.0
40800.0
41708.0
41687.0
41194.0
41006.0
40147.0
37161.0
38479.0
39524.0
39682.0
38666.0
40333.0
40261.0
38556.0
36673.0
36379.0
36238.0
36380.0
36563.0
40110.0
39946.0
40000.0
40539.0
39930.0
37187.0
36329.0
36632.0
36209.0
36226.0
38403.0
40990.0
40684.0
37044.0
37114.0
36384.0
37111.0
36714.0
36742.0
36850.0
36280.0
36916.0
36965.0
36930.0
39620.0
40040.0
39192.0
35927.0
36399.0
36192.0
36131.0
36900.0
36730.0
36615.0
36478.0
40084.0
40433.0
38801.0
36150.0
36396.0
36494.0
36062.0
36893.0
42677.0
36516.0
37125.0
40621.0
40399.0
36874.0
36169.0
36085.0
36500.0
36120.0
36797.0
40320.0
39956.0
37985.0
36308.0
36291.0
36630.0
36211.0
35960.0
36310.0
36346.0
41128.0
36407.0
36373.0
36534.0
36164.0
36189.0
39685.0
40365.0
40645.0
39728.0
40792.0
37392.0
36320.0
36572.0
36189.0
36138.0
36119.0
36930.0
36595.0
38674.0
40160.0
39925.0
40359.0
40566.0
38496.0
36359.0
36386.0
36091.0
36221.0
36276.0
36524.0
37186.0
36756.0
38953.0
36932.0
39284.0
42593.0
42925.0
40838.0
42283.0
38590.0
40207.0
41186.0
40069.0
40825.0
40691.0
41468.0
41252.0
36117.0
37635.0
38681.0
36982.0
38105.0
41659.0
44342.0
44344.0
42585.0
41094.0
41691.0
41187.0
41899.0
42940.0
41392.0
40843.0
43594.0
41024.0
37268.0
39480.0
39345.0
36330.0
38717.0
40656.0
40765.0
40541.0
40385.0
38592.0
36544.0
36631.0
39904.0
40356.0
39547.0
36147.0
36650.0
36666.0
36899.0
36534.0
36188.0
36467.0
36653.0
39895.0
40352.0
38926.0
36495.0
36547.0
38954.0
40568.0
40379.0
40318.0
40206.0
40198.0
40138.0
40286.0
40325.0
40533.0
40451.0
40395.0
40188.0
40721.0
41029.0
38135.0
36502.0
