1700719659.580907
1700719659.581208
1700719659.581271
1700719659.581308
1700719659.581342
1700719659.581373
1700719659.581409
1700719659.581442
1700719659.581476
1700719659.581511
1700719659.581543
1700719659.581574
1700719659.581606
1700719659.581637
1700719659.581672
1700719659.581704
1700719659.581735
1700719659.581767
1700719659.581799
1700719659.581831
1700719659.581862
1700719659.581893
1700719659.581925
1700719659.581956
1700719659.581989
1700719659.582034
1700719659.582076
1700719659.582109
1700719659.582142
1700719659.582174
1700719659.582205
1700719659.582237
1700719659.582278
1700719659.582312
1700719659.582344
1700719659.582380
1700719659.582412
1700719659.582444
1700719659.582476
1700719659.582513
1700719659.582550
1700719659.582581
1700719659.582612
1700719659.582644
1700719659.582675
1700719659.582706
1700719659.582737
1700719659.582834
1700719659.582881
1700719659.582916
1700719659.582947
1700719659.582979
1700719659.583010
1700719659.583041
1700719659.583072
1700719659.583104
1700719659.583141
1700719659.583173
1700719659.583204
1700719659.583235
1700719659.583265
1700719659.583294
1700719659.583323
1700719659.583353
1700719659.583384
1700719659.583415
1700719659.583445
1700719659.583476
1700719659.583506
1700719659.583537
1700719659.583568
1700719659.583599
1700719659.583636
1700719659.583667
1700719659.583698
1700719659.583729
1700719659.583760
1700719659.583791
1700719659.583822
1700719659.583855
1700719659.583888
1700719659.583919
1700719659.583950
1700719659.583982
1700719659.584013
1700719659.584044
1700719659.584075
1700719659.584106
1700719659.584144
1700719659.584175
1700719659.584207
1700719659.584237
1700719659.584269
1700719659.584301
1700719659.584332
1700719659.584362
1700719659.584399
1700719659.584432
1700719659.584464
1700719659.584495
1700719659.584526
1700719659.584557
1700719659.584588
1700719659.584620
1700719659.584652
1700719659.584683
1700719659.584714
1700719659.584746
1700719659.584778
1700719659.584809
1700719659.584840
1700719659.584870
1700719659.584908
1700719659.584940
1700719659.584972
1700719659.585003
1700719659.585034
1700719659.585065
1700719659.585096
1700719659.585127
1700719659.585159
1700719659.585190
1700719659.585221
1700719659.585252
1700719659.585323
1700719659.585356
1700719659.585409
1700719659.585443
1700719659.585475
1700719659.585506
1700719659.585537
1700719659.585568
1700719659.585599
1700719659.585630
1700719659.585662
1700719660.476839
1700719660.477202
1700719660.480720
1700719660.480764
1700719660.480800
1700719660.480833
1700719660.484859
1700719660.485002
1700719660.485039
1700719660.485072
1700719660.488717
1700719660.488758
1700719660.488790
1700719660.488821
1700719660.493962
1700719660.494005
1700719660.494072
1700719660.494107
1700719660.579276
1700719660.579462
1700719660.579501
1700719660.579533
1700719660.583217
1700719660.583261
1700719660.583296
1700719660.583327
1700719660.587281
1700719660.587427
1700719660.587461
1700719660.587495
1700719660.591215
1700719660.591257
1700719660.591324
1700719660.591357
1700719660.595218
1700719660.595259
1700719660.678026
1700719660.681966
1700719660.682015
1700719660.682051
1700719660.682084
1700719660.685971
1700719660.686016
1700719660.686051
1700719660.686083
1700719660.690025
1700719660.690171
1700719660.690204
1700719660.690236
1700719660.693967
1700719660.694011
1700719660.694082
1700719660.694114
1700719660.697970
1700719660.780788
1700719660.780967
1700719660.781002
1700719660.784724
1700719660.784767
1700719660.784801
1700719660.784832
1700719660.788718
1700719660.788760
1700719660.788793
1700719660.788825
1700719660.792784
1700719660.792929
1700719660.792963
1700719660.792994
1700719660.796718
1700719660.796760
1700719660.796792
1700719660.882065
1700719660.882262
1700719660.882298
1700719660.882331
1700719660.887220
1700719660.887262
1700719660.887332
1700719660.887365
1700719660.891216
1700719660.891257
1700719660.891294
1700719660.891326
1700719660.895218
1700719660.895261
1700719660.895334
1700719660.895366
1700719660.899222
1700719660.899262
1700719660.980728
1700719660.980811
1700719660.984719
1700719660.984832
1700719660.984864
1700719660.984896
1700719660.988719
1700719660.988762
1700719660.988794
1700719660.988828
1700719660.992716
1700719660.992757
1700719660.992790
1700719660.992821
1700719660.996719
1700719660.996761
1700719660.996797
1700719660.996829
1700719661.083231
1700719661.083323
1700719661.083360
1700719661.083393
1700719661.087230
1700719661.087290
1700719661.087326
1700719661.091222
1700719661.091264
1700719661.091332
1700719661.091365
1700719661.095215
1700719661.095256
1700719661.095288
1700719661.095321
1700719661.099214
1700719661.099255
1700719661.099287
1700719661.182037
1700719661.186025
1700719661.186189
1700719661.186223
1700719661.186255
1700719661.189975
1700719661.190018
1700719661.190053
1700719661.190085
1700719661.193967
1700719661.194010
1700719661.194050
1700719661.194082
1700719661.197968
1700719661.198009
1700719661.198043
1700719661.198075
1700719661.202020
1700719661.283524
1700719661.283754
1700719661.283810
1700719661.287525
1700719661.287679
1700719661.287714
1700719661.287748
1700719661.291479
1700719661.291524
1700719661.291573
1700719661.291605
1700719661.296598
1700719661.296640
1700719661.296710
1700719661.300627
1700719661.300737
1700719661.300772
1700719661.300812
1700719661.385922
1700719661.386103
1700719661.386144
1700719661.386177
1700719661.389861
1700719661.389903
1700719661.389977
1700719661.390009
1700719661.395098
1700719661.395143
1700719661.395179
1700719661.395211
1700719661.399095
1700719661.399137
1700719661.399174
1700719661.399206
1700719661.403163
1700719661.403322
1700719661.484655
1700719661.484863
1700719661.488659
1700719661.488821
1700719661.488857
1700719661.488889
1700719661.492603
1700719661.492647
1700719661.492684
1700719661.492716
1700719661.496604
1700719661.496652
1700719661.496687
1700719661.496719
1700719661.500603
1700719661.500645
1700719661.500714
1700719661.500749
1700719661.587180
1700719661.587362
1700719661.587406
1700719661.591334
1700719661.591568
1700719661.591623
1700719661.591667
1700719661.595227
1700719661.595390
1700719661.595427
1700719661.595460
1700719661.599204
1700719661.599375
1700719661.599413
1700719661.599446
1700719661.603244
1700719661.603417
1700719661.603452
1700719661.685916
1700719661.689856
1700719661.689905
1700719661.689945
1700719661.689979
1700719661.693853
1700719661.693897
1700719661.693932
1700719661.693964
1700719661.697849
1700719661.697890
1700719661.697927
1700719661.697959
1700719661.701850
1700719661.701892
1700719661.701926
1700719661.701957
1700719661.705901
1700719661.787420
1700719661.787589
1700719661.791513
1700719661.791692
1700719661.791728
1700719661.791763
1700719661.795375
1700719661.795422
1700719661.795455
1700719661.795486
1700719661.800605
1700719661.800647
1700719661.800679
1700719661.800712
1700719661.804601
1700719661.804642
1700719661.804676
1700719661.804707
1700719661.889919
1700719661.890092
1700719661.890131
1700719661.890165
1700719661.893914
1700719661.894089
1700719661.894123
1700719661.894156
1700719661.897861
1700719661.897904
1700719661.897938
1700719661.897970
1700719661.901858
1700719661.901901
1700719661.901972
1700719661.902004
1700719661.905854
1700719661.905898
1700719661.988664
1700719661.988835
1700719661.992693
1700719661.992875
1700719661.992913
1700719661.992947
1700719661.996623
1700719661.996705
1700719661.996740
1700719661.996772
1700719662.000609
1700719662.000650
1700719662.000685
1700719662.004611
1700719662.004653
1700719662.004720
1700719662.004753
1700719662.008640
1700719662.091410
1700719662.091591
1700719662.091628
1700719662.095363
1700719662.095408
1700719662.095475
1700719662.095508
1700719662.099356
1700719662.099398
1700719662.099432
1700719662.099463
1700719662.103355
1700719662.103396
1700719662.103430
1700719662.103462
1700719662.107357
1700719662.107399
1700719662.107437
1700719662.188967
1700719662.192915
1700719662.193073
1700719662.193106
1700719662.193140
1700719662.196863
1700719662.196905
1700719662.196938
1700719662.196972
1700719662.200864
1700719662.200907
1700719662.200978
1700719662.201011
1700719662.204872
1700719662.204915
1700719662.205016
1700719662.205050
1700719662.210179
1700719662.291759
1700719662.292021
1700719662.295744
1700719662.295954
1700719662.295991
1700719662.296025
1700719662.299723
1700719662.299908
1700719662.299954
1700719662.299986
1700719662.303683
1700719662.303875
1700719662.303914
1700719662.303955
1700719662.307721
1700719662.307926
1700719662.307967
1700719662.308000
1700719662.394266
1700719662.394489
1700719662.394531
1700719662.394564
1700719662.398385
1700719662.398699
1700719662.398737
1700719662.398899
1700719662.402143
1700719662.402190
1700719662.402225
1700719662.402257
1700719662.406131
1700719662.406221
1700719662.406254
1700719662.406286
1700719662.410181
1700719662.410371
1700719662.491675
1700719662.496986
1700719662.497162
1700719662.497199
1700719662.497232
1700719662.500882
1700719662.500925
1700719662.500960
1700719662.500992
1700719662.504870
1700719662.504916
1700719662.504955
1700719662.504986
1700719662.508873
1700719662.508915
1700719662.508949
1700719662.508980
1700719662.512980
1700719662.594469
1700719662.594650
1700719662.594689
1700719662.598371
1700719662.598415
1700719662.598454
1700719662.598485
1700719662.602365
1700719662.602407
1700719662.602440
1700719662.602474
1700719662.606365
1700719662.606410
1700719662.606445
1700719662.606476
1700719662.610365
1700719662.610411
1700719662.610449
1700719662.693194
1700719662.697120
1700719662.697173
1700719662.697210
1700719662.697242
1700719662.701117
1700719662.701158
1700719662.701192
1700719662.705118
1700719662.705160
1700719662.705229
1700719662.705262
1700719662.709209
1700719662.709402
1700719662.709440
1700719662.709473
1700719662.713147
1700719662.713221
1700719662.795943
1700719662.796120
1700719662.799875
1700719662.799920
1700719662.799993
1700719662.800025
1700719662.803869
1700719662.803916
1700719662.803954
1700719662.803986
1700719662.807881
1700719662.807926
1700719662.807961
1700719662.807992
1700719662.811958
1700719662.812135
1700719662.812172
1700719662.812205
1700719662.897191
1700719662.897366
1700719662.897402
1700719662.897441
1700719662.902381
1700719662.902428
1700719662.902499
1700719662.902531
1700719662.906372
1700719662.906414
1700719662.906483
1700719662.906516
1700719662.910395
1700719662.910508
1700719662.910544
1700719662.914435
1700719662.914600
1700719662.914634
1700719662.995971
1700719662.999978
1700719663.000040
1700719663.000091
1700719663.000124
1700719663.003914
1700719663.004049
1700719663.004116
1700719663.004172
1700719663.007917
1700719663.008061
1700719663.008120
1700719663.008175
1700719663.012100
1700719663.012316
1700719663.012377
1700719663.012434
1700719663.016291
1700719663.097973
1700719663.098234
1700719663.098323
1700719663.103093
1700719663.103316
1700719663.103363
1700719663.103396
1700719663.107573
1700719663.107811
1700719663.107856
1700719663.107891
1700719663.111346
1700719663.111583
1700719663.111635
1700719663.111670
1700719663.115197
1700719663.115457
1700719663.115517
1700719663.200469
1700719663.200653
1700719663.200693
1700719663.200726
1700719663.204454
1700719663.204636
1700719663.204688
1700719663.204725
1700719663.208477
1700719663.208729
1700719663.208783
1700719663.208824
1700719663.213888
1700719663.214240
1700719663.214282
1700719663.214326
1700719663.217730
1700719663.217900
1700719663.299220
1700719663.299439
1700719663.303499
1700719663.303706
1700719663.303748
1700719663.303781
1700719663.307249
1700719663.307430
1700719663.307469
1700719663.307502
1700719663.312669
1700719663.312891
1700719663.312935
1700719663.312969
1700719663.315247
1700719663.315460
1700719663.315504
1700719663.315537
1700719663.401742
1700719663.401950
1700719663.401994
1700719663.405763
1700719663.405994
1700719663.406041
1700719663.406073
1700719663.409711
1700719663.409906
1700719663.409947
1700719663.409980
1700719663.413734
1700719663.413944
1700719663.413984
1700719663.414017
1700719663.417765
1700719663.418041
1700719663.418099
1700719663.500452
1700719663.504529
1700719663.504719
1700719663.504756
1700719663.504791
1700719663.508492
1700719663.508691
1700719663.508730
1700719663.508811
1700719663.512492
1700719663.512671
1700719663.512708
1700719663.512741
1700719663.516450
1700719663.516595
1700719663.516635
1700719663.516667
1700719663.520434
1700719663.602002
1700719663.602199
1700719663.602244
1700719663.605944
1700719663.606114
1700719663.606155
1700719663.606194
1700719663.609973
1700719663.610160
1700719663.610201
1700719663.614044
1700719663.614233
1700719663.614270
1700719663.614303
1700719663.619207
1700719663.619396
1700719663.619435
1700719663.619469
1700719663.704912
1700719663.705117
1700719663.705155
1700719663.705188
1700719663.708920
1700719663.709095
1700719663.709134
1700719663.709167
1700719663.712895
1700719663.713139
1700719663.713188
1700719663.713221
1700719663.716907
1700719663.717093
1700719663.717127
1700719663.717159
1700719663.720913
1700719663.721111
1700719663.802390
1700719663.802592
1700719663.807625
1700719663.807746
1700719663.807781
1700719663.807814
1700719663.811577
1700719663.811695
1700719663.811730
1700719663.811762
1700719663.815590
1700719663.815725
1700719663.815761
1700719663.815794
1700719663.819578
1700719663.819687
1700719663.819726
1700719663.823596
1700719663.905119
1700719663.905329
1700719663.905367
1700719663.909095
1700719663.909270
1700719663.909307
1700719663.909339
1700719663.913100
1700719663.913275
1700719663.913313
1700719663.913354
1700719663.917085
1700719663.917250
1700719663.917284
1700719663.917317
1700719663.922299
1700719663.922454
1700719663.922489
1700719664.003969
1700719664.007995
1700719664.008135
1700719664.008170
1700719664.008220
1700719664.011953
1700719664.012136
1700719664.012171
1700719664.012203
1700719664.015991
1700719664.016141
1700719664.016176
1700719664.016208
1700719664.019927
1700719664.020052
1700719664.020094
1700719664.020127
1700719664.023999
1700719664.105770
1700719664.105999
1700719664.110813
1700719664.110999
1700719664.111036
1700719664.111069
1700719664.114740
1700719664.114957
1700719664.114998
1700719664.115031
1700719664.118731
1700719664.118883
1700719664.118921
1700719664.118959
1700719664.122746
1700719664.122991
1700719664.123035
1700719664.123069
1700719664.208069
1700719664.208346
1700719664.208403
1700719664.208437
1700719664.212229
1700719664.212519
1700719664.212581
1700719664.212617
1700719664.216285
1700719664.216522
1700719664.216570
1700719664.216608
1700719664.220319
1700719664.220614
1700719664.220672
1700719664.220710
1700719664.225098
1700719664.225363
1700719664.307234
1700719664.307446
1700719664.311291
1700719664.311467
1700719664.311504
1700719664.315191
1700719664.315329
1700719664.315367
1700719664.315400
1700719664.319220
1700719664.319391
1700719664.319427
1700719664.319459
1700719664.323265
1700719664.323442
1700719664.323477
1700719664.323509
1700719664.327198
1700719664.408695
1700719664.408869
1700719664.408907
1700719664.412656
1700719664.412750
1700719664.412793
1700719664.412826
1700719664.416652
1700719664.416716
1700719664.416750
1700719664.416782
1700719664.421899
1700719664.421948
1700719664.422020
1700719664.422052
1700719664.425892
1700719664.425937
1700719664.425972
1700719664.507453
1700719664.511404
1700719664.511467
1700719664.511501
1700719664.511535
1700719664.515397
1700719664.515444
1700719664.515514
1700719664.515546
1700719664.519464
1700719664.519582
1700719664.519621
1700719664.523488
1700719664.523643
1700719664.523678
1700719664.523710
1700719664.527399
1700719664.527447
1700719664.610206
1700719664.610397
1700719664.614171
1700719664.614269
1700719664.614303
1700719664.614352
1700719664.618151
1700719664.618194
1700719664.618262
1700719664.618294
1700719664.622144
1700719664.622187
1700719664.622220
1700719664.622255
1700719664.626146
1700719664.626188
1700719664.626257
1700719664.626290
1700719664.712706
1700719664.712893
1700719664.712934
1700719664.712966
1700719664.716647
1700719664.716700
1700719664.716738
1700719664.716770
1700719664.720696
1700719664.720859
1700719664.720896
1700719664.720928
1700719664.724650
1700719664.724694
1700719664.724729
1700719664.724761
1700719664.728640
1700719664.728683
1700719664.810210
1700719664.814162
1700719664.814324
1700719664.814382
1700719664.814416
1700719664.818152
1700719664.818196
1700719664.818230
1700719664.818261
1700719664.822149
1700719664.822191
1700719664.822260
1700719664.822293
1700719664.827397
1700719664.827441
1700719664.827478
1700719664.827510
1700719664.831392
1700719664.912952
1700719664.913126
1700719664.913167
1700719664.916989
1700719664.917168
1700719664.917205
1700719664.917239
1700719664.921006
1700719664.921194
1700719664.921234
1700719664.921267
1700719664.924948
1700719664.925134
1700719664.925174
1700719664.925210
1700719664.928915
1700719664.928996
1700719664.929030
1700719665.015418
1700719665.015522
1700719665.015557
1700719665.015590
1700719665.019404
1700719665.019449
1700719665.019490
1700719665.019522
1700719665.023401
1700719665.023445
1700719665.023514
1700719665.023547
1700719665.027396
1700719665.027439
1700719665.027472
1700719665.027504
1700719665.031394
1700719665.031435
1700719665.114164
1700719665.114267
1700719665.118152
1700719665.118237
1700719665.118271
1700719665.118303
1700719665.122147
1700719665.122189
1700719665.122223
1700719665.122254
1700719665.126153
1700719665.126194
1700719665.126263
1700719665.126296
1700719665.130146
1700719665.130188
1700719665.130220
1700719665.130255
1700719665.215455
1700719665.215648
1700719665.215689
1700719665.215723
1700719665.220660
1700719665.220704
1700719665.220739
1700719665.224646
1700719665.224690
1700719665.224722
1700719665.224754
1700719665.228650
1700719665.228692
1700719665.228727
1700719665.228759
1700719665.232655
1700719665.232698
1700719665.232767
1700719665.314241
